4611.47306 00557.55969 140500
4611.47306 00557.55969 140501
4611.47306 00557.55969 140502
4611.47306 00557.55969 140503
4611.47306 00557.55968 140504
4611.47306 00557.55969 140505
4611.47306 00557.55969 140506
4611.47306 00557.55969 140507
4611.47306 00557.55969 140508
4611.47306 00557.55969 140509
4611.47305 00557.55969 140510
4611.47306 00557.55969 140511
4611.47306 00557.55969 140512
4611.47306 00557.55969 140513
4611.47306 00557.55969 140514
4611.47306 00557.55968 140515
4611.47306 00557.55968 140516
4611.47306 00557.55969 140517
4611.47306 00557.55969 140518
4611.47306 00557.55969 140519
4611.47306 00557.55969 140520
4611.47306 00557.55968 140521
4611.47306 00557.55969 140522
4611.47306 00557.55969 140523
4611.47306 00557.55969 140524
4611.47306 00557.55969 140525
4611.47306 00557.55969 140526
4611.47306 00557.55969 140527
4611.47306 00557.55969 140528
4611.47306 00557.55969 140529
4611.47306 00557.55969 140530
4611.47306 00557.55968 140531
4611.47306 00557.55968 140532
4611.47306 00557.55968 140533
4611.47306 00557.55969 140534
4611.47306 00557.55968 140535
4611.47306 00557.55968 140536
4611.47306 00557.55969 140537
4611.47306 00557.55969 140538
4611.47306 00557.55969 140539
4611.47306 00557.55969 140540
4611.47306 00557.55969 140541
4611.47306 00557.55969 140542
4611.47306 00557.55969 140543
4611.47306 00557.55969 140544
4611.47306 00557.55969 140545
4611.47306 00557.55968 140546
4611.47306 00557.55969 140547
4611.47306 00557.55969 140548
4611.47306 00557.55969 140549
4611.47306 00557.55969 140550
4611.47306 00557.55969 140551
4611.47306 00557.55969 140552
4611.47306 00557.55969 140553
4611.47306 00557.55969 140554
4611.47306 00557.55969 140555
4611.47306 00557.55969 140556
4611.47306 00557.55969 140557
4611.47306 00557.55969 140558
4611.47306 00557.55969 140559
4611.47306 00557.55969 140600
4611.47306 00557.55969 140601
4611.47306 00557.55969 140602
4611.47306 00557.55969 140603
4611.47306 00557.55969 140604
4611.47306 00557.55969 140605
4611.47306 00557.55969 140606
4611.47306 00557.55969 140607
4611.47306 00557.55969 140608
4611.47306 00557.55968 140609
4611.47306 00557.55968 140610
4611.47306 00557.55969 140611
4611.47306 00557.55969 140612
4611.47306 00557.55969 140613
4611.47306 00557.55968 140614
4611.47306 00557.55969 140615
4611.47306 00557.55969 140616
4611.47306 00557.55968 140617
4611.47306 00557.55969 140618
4611.47306 00557.55968 140619
4611.47306 00557.55968 140620
4611.47306 00557.55968 140621
4611.47306 00557.55968 140622
4611.47306 00557.55969 140623
4611.47305 00557.55969 140624
4611.47305 00557.55969 140625
4611.47306 00557.55969 140626
4611.47306 00557.55969 140627
4611.47306 00557.55969 140628
4611.47306 00557.55969 140629
4611.47306 00557.55969 140630
4611.47306 00557.55968 140631
4611.47306 00557.55969 140632
4611.47306 00557.55969 140633
4611.47306 00557.55968 140634
4611.47306 00557.55968 140635
4611.47306 00557.55969 140636
4611.47306 00557.55969 140637
4611.47306 00557.55969 140638
4611.47306 00557.55969 140639
4611.47306 00557.55969 140640
4611.47306 00557.55969 140641
4611.47306 00557.55969 140642
4611.47306 00557.55969 140643
4611.47306 00557.55969 140644
4611.47306 00557.55969 140645
4611.47306 00557.55968 140646
4611.47305 00557.55968 140647
4611.47306 00557.55968 140648
4611.47305 00557.55968 140649
4611.47305 00557.55968 140650
4611.47306 00557.55968 140651
4611.47306 00557.55968 140652
4611.47306 00557.55968 140653
4611.47306 00557.55968 140654
4611.47305 00557.55968 140655
4611.47305 00557.55968 140656
4611.47305 00557.55968 140657
4611.47306 00557.55969 140658
4611.47306 00557.55968 140659
4611.47306 00557.55968 140700
4611.47306 00557.55968 140701
4611.47306 00557.55968 140702
4611.47306 00557.55968 140703
4611.47306 00557.55968 140704
4611.47306 00557.55968 140705
4611.47306 00557.55968 140706
4611.47306 00557.55968 140707
4611.47306 00557.55968 140708
4611.47306 00557.55968 140709
4611.47306 00557.55968 140710
4611.47306 00557.55969 140711
4611.47306 00557.55969 140712
4611.47306 00557.55968 140713
4611.47306 00557.55968 140714
4611.47306 00557.55968 140715
4611.47306 00557.55968 140716
4611.47306 00557.55968 140717
4611.47306 00557.55968 140718
4611.47306 00557.55968 140719
4611.47306 00557.55968 140720
4611.47306 00557.55968 140721
4611.47306 00557.55968 140722
4611.47306 00557.55968 140723
4611.47306 00557.55968 140724
4611.47306 00557.55968 140725
4611.47306 00557.55968 140726
4611.47306 00557.55968 140727
4611.47306 00557.55968 140728
4611.47306 00557.55968 140729
4611.47306 00557.55968 140730
4611.47306 00557.55968 140731
4611.47306 00557.55968 140732
4611.47306 00557.55968 140733
4611.47306 00557.55968 140734
4611.47306 00557.55968 140735
4611.47306 00557.55968 140736
4611.47306 00557.55968 140737
4611.47306 00557.55968 140738
4611.47306 00557.55968 140739
4611.47306 00557.55968 140740
4611.47305 00557.55968 140741
4611.47306 00557.55968 140742
4611.47306 00557.55968 140743
4611.47306 00557.55968 140744
4611.47306 00557.55968 140745
4611.47306 00557.55968 140746
4611.47306 00557.55968 140747
4611.47306 00557.55968 140748
4611.47305 00557.55968 140749
4611.47306 00557.55968 140750
4611.47306 00557.55968 140751
4611.47306 00557.55968 140752
4611.47306 00557.55968 140753
4611.47306 00557.55968 140754
4611.47306 00557.55968 140755
4611.47306 00557.55968 140756
4611.47306 00557.55968 140757
4611.47306 00557.55968 140758
4611.47306 00557.55968 140759
4611.47306 00557.55968 140800
4611.47306 00557.55968 140801
4611.47306 00557.55968 140802
4611.47306 00557.55968 140803
4611.47306 00557.55968 140804
4611.47306 00557.55968 140805
4611.47306 00557.55968 140806
4611.47306 00557.55968 140807
4611.47306 00557.55968 140808
4611.47306 00557.55968 140809
4611.47306 00557.55968 140810
4611.47306 00557.55968 140811
4611.47306 00557.55968 140812
4611.47306 00557.55968 140813
4611.47306 00557.55968 140814
4611.47306 00557.55968 140815
4611.47306 00557.55968 140816
4611.47306 00557.55968 140817
4611.47306 00557.55968 140818
4611.47306 00557.55969 140819
4611.47306 00557.55968 140820
4611.47306 00557.55968 140821
4611.47306 00557.55968 140822
4611.47306 00557.55968 140823
4611.47306 00557.55968 140824
4611.47306 00557.55968 140825
4611.47306 00557.55968 140826
4611.47306 00557.55968 140827
4611.47306 00557.55968 140828
4611.47306 00557.55969 140829
4611.47306 00557.55969 140830
4611.47306 00557.55969 140831
4611.47306 00557.55968 140832
4611.47306 00557.55968 140833
4611.47306 00557.55968 140834
4611.47306 00557.55969 140835
4611.47306 00557.55968 140836
4611.47306 00557.55968 140837
4611.47306 00557.55968 140838
4611.47306 00557.55968 140839
4611.47306 00557.55969 140840
4611.47306 00557.55969 140841
4611.47306 00557.55968 140842
4611.47306 00557.55969 140843
4611.47306 00557.55968 140844
4611.47306 00557.55968 140845
4611.47306 00557.55968 140846
4611.47306 00557.55968 140847
4611.47306 00557.55968 140848
4611.47306 00557.55969 140849
4611.47306 00557.55968 140850
4611.47306 00557.55968 140851
4611.47306 00557.55969 140852
4611.47306 00557.55968 140853
4611.47306 00557.55968 140854
4611.47306 00557.55968 140855
4611.47306 00557.55969 140856
4611.47306 00557.55969 140857
4611.47306 00557.55968 140858
4611.47306 00557.55969 140859
4611.47306 00557.55969 140900
4611.47306 00557.55969 140901
4611.47306 00557.55969 140902
4611.47306 00557.55969 140903
4611.47306 00557.55968 140904
4611.47306 00557.55969 140905
4611.47306 00557.55969 140906
4611.47306 00557.55968 140907
4611.47306 00557.55968 140908
4611.47306 00557.55968 140909
4611.47306 00557.55969 140910
4611.47306 00557.55969 140911
4611.47306 00557.55968 140912
4611.47306 00557.55968 140913
4611.47306 00557.55968 140914
4611.47306 00557.55969 140915
4611.47306 00557.55968 140916
4611.47306 00557.55969 140917
4611.47306 00557.55969 140918
4611.47306 00557.55968 140919
4611.47306 00557.55968 140920
4611.47306 00557.55969 140921
4611.47306 00557.55969 140922
4611.47306 00557.55969 140923
4611.47306 00557.55969 140924
4611.47306 00557.55969 140925
4611.47306 00557.55968 140926
4611.47306 00557.55968 140927
4611.47306 00557.55968 140928
4611.47306 00557.55968 140929
4611.47306 00557.55969 140930
4611.47306 00557.55969 140931
4611.47306 00557.55969 140932
4611.47306 00557.55969 140933
4611.47306 00557.55969 140934
4611.47306 00557.55969 140935
4611.47306 00557.55969 140936
4611.47306 00557.55969 140937
4611.47306 00557.55968 140938
4611.47306 00557.55969 140939
4611.47306 00557.55969 140940
4611.47306 00557.55969 140941
4611.47306 00557.55969 140942
4611.47306 00557.55969 140943
4611.47306 00557.55968 140944
4611.47306 00557.55968 140945
4611.47306 00557.55968 140946
4611.47306 00557.55968 140947
4611.47306 00557.55968 140948
4611.47306 00557.55968 140949
4611.47306 00557.55968 140950
4611.47306 00557.55968 140951
4611.47306 00557.55968 140952
4611.47306 00557.55968 140953
4611.47306 00557.55969 140954
4611.47306 00557.55969 140955
4611.47306 00557.55969 140956
4611.47306 00557.55968 140957
4611.47306 00557.55968 140958
4611.47306 00557.55968 140959
4611.47306 00557.55968 141000
4611.47306 00557.55968 141001
4611.47306 00557.55968 141002
4611.47306 00557.55968 141003
4611.47306 00557.55968 141004
4611.47306 00557.55968 141005
4611.47306 00557.55968 141006
4611.47306 00557.55968 141007
4611.47306 00557.55968 141008
4611.47306 00557.55968 141009
4611.47306 00557.55969 141010
4611.47306 00557.55968 141011
4611.47306 00557.55968 141012
4611.47306 00557.55968 141013
4611.47306 00557.55969 141014
4611.47306 00557.55969 141015
4611.47306 00557.55969 141016
4611.47306 00557.55968 141017
4611.47306 00557.55968 141018
4611.47306 00557.55968 141019
4611.47306 00557.55968 141020
4611.47306 00557.55968 141021
4611.47306 00557.55969 141022
4611.47306 00557.55968 141023
4611.47306 00557.55968 141024
4611.47306 00557.55968 141025
4611.47306 00557.55968 141026
4611.47306 00557.55968 141027
4611.47306 00557.55968 141028
4611.47306 00557.55969 141029
4611.47306 00557.55969 141030
4611.47306 00557.55968 141031
4611.47306 00557.55968 141032
4611.47306 00557.55969 141033
4611.47306 00557.55968 141034
4611.47306 00557.55968 141035
4611.47306 00557.55968 141036
4611.47306 00557.55968 141037
4611.47306 00557.55969 141038
4611.47306 00557.55968 141039
4611.47306 00557.55968 141040
4611.47306 00557.55968 141041
4611.47306 00557.55968 141042
4611.47306 00557.55969 141043
4611.47306 00557.55969 141044
4611.47306 00557.55968 141045
4611.47306 00557.55968 141046
4611.47306 00557.55968 141047
4611.47306 00557.55968 141048
4611.47306 00557.55968 141049
4611.47306 00557.55968 141050
4611.47306 00557.55968 141051
4611.47306 00557.55969 141052
4611.47306 00557.55969 141053
4611.47306 00557.55968 141054
4611.47306 00557.55968 141055
4611.47306 00557.55968 141056
4611.47306 00557.55968 141057
4611.47306 00557.55968 141058
4611.47306 00557.55968 141059
4611.47306 00557.55968 141100
4611.47306 00557.55968 141101
4611.47306 00557.55968 141102
4611.47306 00557.55968 141103
4611.47306 00557.55968 141104
4611.47306 00557.55968 141105
4611.47306 00557.55968 141106
4611.47306 00557.55968 141107
4611.47306 00557.55968 141108
4611.47306 00557.55968 141109
4611.47306 00557.55969 141110
4611.47306 00557.55968 141111
4611.47306 00557.55968 141112
4611.47306 00557.55968 141113
4611.47306 00557.55968 141114
4611.47306 00557.55968 141115
4611.47306 00557.55969 141116
4611.47306 00557.55969 141117
4611.47306 00557.55969 141118
4611.47306 00557.55969 141119
4611.47306 00557.55969 141120
4611.47306 00557.55969 141121
4611.47306 00557.55969 141122
4611.47306 00557.55968 141123
4611.47306 00557.55969 141124
4611.47306 00557.55969 141125
4611.47306 00557.55969 141126
4611.47306 00557.55969 141127
4611.47306 00557.55969 141128
4611.47306 00557.55968 141129
4611.47306 00557.55969 141130
4611.47306 00557.55968 141131
4611.47306 00557.55968 141132
4611.47306 00557.55969 141133
4611.47306 00557.55968 141134
4611.47306 00557.55969 141135
4611.47306 00557.55969 141136
4611.47306 00557.55968 141137
4611.47306 00557.55968 141138
4611.47306 00557.55969 141139
4611.47306 00557.55969 141140
4611.47306 00557.55969 141141
4611.47306 00557.55969 141142
4611.47306 00557.55968 141143
4611.47306 00557.55969 141144
4611.47306 00557.55968 141145
4611.47306 00557.55968 141146
4611.47306 00557.55969 141147
4611.47306 00557.55969 141148
4611.47306 00557.55969 141149
4611.47306 00557.55969 141150
4611.47306 00557.55968 141151
4611.47306 00557.55968 141152
4611.47306 00557.55969 141153
4611.47306 00557.55969 141154
4611.47306 00557.55969 141155
4611.47306 00557.55969 141156
4611.47306 00557.55968 141157
4611.47306 00557.55968 141158
4611.47306 00557.55969 141159
4611.47306 00557.55969 141200
4611.47306 00557.55969 141201
4611.47306 00557.55969 141202
4611.47306 00557.55969 141203
4611.47306 00557.55969 141204
4611.47306 00557.55969 141205
4611.47306 00557.55969 141206
4611.47306 00557.55969 141207
4611.47306 00557.55969 141208
4611.47306 00557.55969 141209
4611.47306 00557.55969 141210
4611.47306 00557.55969 141211
4611.47306 00557.55969 141212
4611.47306 00557.55969 141213
4611.47306 00557.55969 141214
4611.47306 00557.55969 141215
4611.47306 00557.55969 141216
4611.47306 00557.55969 141217
4611.47306 00557.55969 141218
4611.47306 00557.55968 141219
4611.47306 00557.55969 141220
4611.47306 00557.55969 141221
4611.47306 00557.55969 141222
4611.47306 00557.55969 141223
4611.47306 00557.55969 141224
4611.47306 00557.55969 141225
4611.47306 00557.55969 141226
4611.47306 00557.55969 141227
4611.47306 00557.55969 141228
4611.47306 00557.55969 141229
4611.47306 00557.55969 141230
4611.47306 00557.55969 141231
4611.47306 00557.55969 141232
4611.47306 00557.55969 141233
4611.47306 00557.55969 141234
4611.47306 00557.55969 141235
4611.47306 00557.55969 141236
4611.47306 00557.55969 141237
4611.47306 00557.55969 141238
4611.47306 00557.55969 141239
4611.47306 00557.55969 141240
4611.47306 00557.55969 141241
4611.47306 00557.55968 141242
4611.47306 00557.55968 141243
4611.47306 00557.55969 141244
4611.47306 00557.55969 141245
4611.47306 00557.55969 141246
4611.47306 00557.55969 141247
4611.47306 00557.55969 141248
4611.47306 00557.55969 141249
4611.47306 00557.55969 141250
4611.47306 00557.55969 141251
4611.47306 00557.55969 141252
4611.47306 00557.55969 141253
4611.47306 00557.55969 141254
4611.47306 00557.55969 141255
4611.47306 00557.55969 141256
4611.47306 00557.55969 141257
4611.47306 00557.55969 141258
4611.47306 00557.55969 141259
4611.47306 00557.55969 141300
4611.47306 00557.55969 141301
4611.47306 00557.55969 141302
4611.47306 00557.55969 141303
4611.47306 00557.55969 141304
4611.47306 00557.55969 141305
4611.47306 00557.55969 141306
4611.47306 00557.55969 141307
4611.47306 00557.55969 141308
4611.47306 00557.55969 141309
4611.47306 00557.55969 141310
4611.47306 00557.55969 141311
4611.47306 00557.55969 141312
4611.47306 00557.55968 141313
4611.47306 00557.55969 141314
4611.47306 00557.55969 141315
4611.47306 00557.55969 141316
4611.47306 00557.55969 141317
4611.47306 00557.55969 141318
4611.47306 00557.55969 141319
4611.47306 00557.55969 141320
4611.47306 00557.55969 141321
4611.47306 00557.55969 141322
4611.47306 00557.55969 141323
4611.47306 00557.55969 141324
4611.47306 00557.55969 141325
4611.47306 00557.55969 141326
4611.47306 00557.55969 141327
4611.47306 00557.55969 141328
4611.47306 00557.55969 141329
4611.47306 00557.55969 141330
4611.47306 00557.55969 141331
4611.47306 00557.55969 141332
4611.47306 00557.55969 141333
4611.47306 00557.55969 141334
4611.47306 00557.55969 141335
4611.47306 00557.55969 141336
4611.47306 00557.55969 141337
4611.47306 00557.55969 141338
4611.47306 00557.55969 141339
4611.47306 00557.55969 141340
4611.47306 00557.55969 141341
4611.47306 00557.55969 141342
4611.47306 00557.55969 141343
4611.47306 00557.55969 141344
4611.47306 00557.55969 141345
4611.47306 00557.55969 141346
4611.47306 00557.55969 141347
4611.47306 00557.55969 141348
4611.47306 00557.55969 141349
4611.47306 00557.55969 141350
4611.47306 00557.55969 141351
4611.47306 00557.55969 141352
4611.47306 00557.55969 141353
4611.47306 00557.55969 141354
4611.47306 00557.55969 141355
4611.47306 00557.55969 141356
4611.47306 00557.55969 141357
4611.47306 00557.55969 141358
4611.47306 00557.55969 141359
4611.47306 00557.55968 141400
4611.47306 00557.55968 141401
4611.47306 00557.55969 141402
4611.47306 00557.55969 141403
4611.47306 00557.55969 141404
4611.47306 00557.55969 141405
4611.47306 00557.55969 141406
4611.47306 00557.55969 141407
4611.47306 00557.55969 141408
4611.47306 00557.55969 141409
4611.47306 00557.55969 141410
4611.47306 00557.55969 141411
4611.47306 00557.55969 141412
4611.47306 00557.55969 141413
4611.47306 00557.55969 141414
4611.47306 00557.55969 141415
4611.47306 00557.55969 141416
4611.47306 00557.55969 141417
4611.47306 00557.55969 141418
4611.47306 00557.55969 141419
4611.47306 00557.55969 141420
4611.47306 00557.55969 141421
4611.47306 00557.55969 141422
4611.47306 00557.55969 141423
4611.47306 00557.55969 141424
4611.47306 00557.55969 141425
4611.47306 00557.55969 141426
4611.47306 00557.55969 141427
4611.47306 00557.55969 141428
4611.47306 00557.55969 141429
4611.47306 00557.55969 141430
4611.47306 00557.55968 141431
4611.47306 00557.55969 141432
4611.47306 00557.55969 141433
4611.47306 00557.55969 141434
4611.47306 00557.55969 141435
4611.47306 00557.55969 141436
4611.47306 00557.55969 141437
4611.47306 00557.55969 141438
4611.47306 00557.55969 141439
4611.47306 00557.55969 141440
4611.47306 00557.55969 141441
4611.47306 00557.55969 141442
4611.47306 00557.55969 141443
4611.47306 00557.55969 141444
4611.47306 00557.55969 141445
4611.47306 00557.55968 141446
4611.47306 00557.55969 141447
4611.47306 00557.55969 141448
4611.47306 00557.55969 141449
4611.47306 00557.55969 141450
4611.47306 00557.55969 141451
4611.47306 00557.55969 141452
4611.47306 00557.55969 141453
4611.47306 00557.55969 141454
4611.47306 00557.55968 141455
4611.47306 00557.55969 141456
4611.47306 00557.55969 141457
4611.47306 00557.55969 141458
4611.47306 00557.55969 141459
4611.47306 00557.55968 141500
4611.47306 00557.55969 141501
4611.47306 00557.55969 141502
4611.47306 00557.55969 141503
4611.47306 00557.55969 141504
4611.47306 00557.55969 141505
4611.47306 00557.55969 141506
4611.47306 00557.55969 141507
4611.47306 00557.55969 141508
4611.47306 00557.55969 141509
4611.47306 00557.55969 141510
4611.47306 00557.55969 141511
4611.47306 00557.55969 141512
4611.47306 00557.55969 141513
4611.47306 00557.55969 141514
4611.47306 00557.55969 141515
4611.47306 00557.55969 141516
4611.47306 00557.55969 141517
4611.47306 00557.55969 141518
4611.47306 00557.55969 141519
4611.47306 00557.55969 141520
4611.47306 00557.55969 141521
4611.47306 00557.55969 141522
4611.47306 00557.55969 141523
4611.47306 00557.55969 141524
4611.47306 00557.55969 141525
4611.47306 00557.55969 141526
4611.47306 00557.55969 141527
4611.47306 00557.55969 141528
4611.47306 00557.55969 141529
4611.47306 00557.55969 141530
4611.47306 00557.55969 141531
4611.47306 00557.55969 141532
4611.47306 00557.55969 141533
4611.47306 00557.55969 141534
4611.47306 00557.55969 141535
4611.47306 00557.55969 141536
4611.47306 00557.55969 141537
4611.47306 00557.55969 141538
4611.47306 00557.55968 141539
4611.47306 00557.55969 141540
4611.47306 00557.55969 141541
4611.47306 00557.55969 141542
4611.47306 00557.55969 141543
4611.47306 00557.55969 141544
4611.47306 00557.55969 141545
4611.47306 00557.55969 141546
4611.47306 00557.55969 141547
4611.47306 00557.55969 141548
4611.47306 00557.55969 141549
4611.47306 00557.55969 141550
4611.47306 00557.55969 141551
4611.47306 00557.55969 141552
4611.47306 00557.55969 141553
4611.47306 00557.55969 141554
4611.47306 00557.55969 141555
4611.47306 00557.55969 141556
4611.47306 00557.55969 141557
4611.47306 00557.55969 141558
4611.47306 00557.55969 141559
4611.47306 00557.55969 141600
4611.47306 00557.55969 141601
4611.47306 00557.55969 141602
4611.47306 00557.55969 141603
4611.47306 00557.55969 141604
4611.47306 00557.55969 141605
4611.47306 00557.55969 141606
4611.47306 00557.55969 141607
4611.47306 00557.55969 141608
4611.47306 00557.55969 141609
4611.47306 00557.55969 141610
4611.47306 00557.55969 141611
4611.47306 00557.55969 141612
4611.47306 00557.55969 141613
4611.47306 00557.55969 141614
4611.47306 00557.55969 141615
4611.47306 00557.55969 141616
4611.47306 00557.55969 141617
4611.47306 00557.55969 141618
4611.47306 00557.55969 141619
4611.47306 00557.55969 141620
4611.47306 00557.55969 141621
4611.47306 00557.55969 141622
4611.47306 00557.55969 141623
4611.47306 00557.55969 141624
4611.47306 00557.55969 141625
4611.47306 00557.55969 141626
4611.47306 00557.55969 141627
4611.47306 00557.55969 141628
4611.47306 00557.55969 141629
4611.47306 00557.55969 141630
4611.47306 00557.55969 141631
4611.47306 00557.55969 141632
4611.47306 00557.55969 141633
4611.47306 00557.55969 141634
4611.47306 00557.55969 141635
4611.47306 00557.55969 141636
4611.47306 00557.55969 141637
4611.47306 00557.55969 141638
4611.47306 00557.55969 141639
4611.47306 00557.55969 141640
4611.47306 00557.55969 141641
4611.47306 00557.55969 141642
4611.47306 00557.55969 141643
4611.47306 00557.55969 141644
4611.47306 00557.55969 141645
4611.47306 00557.55969 141646
4611.47306 00557.55969 141647
4611.47306 00557.55969 141648
4611.47306 00557.55969 141649
4611.47306 00557.55969 141650
4611.47306 00557.55969 141651
4611.47306 00557.55969 141652
4611.47306 00557.55969 141653
4611.47306 00557.55969 141654
4611.47306 00557.55969 141655
4611.47306 00557.55969 141656
4611.47306 00557.55969 141657
4611.47306 00557.55969 141658
4611.47306 00557.55969 141659
4611.47306 00557.55969 141700
4611.47306 00557.55969 141701
4611.47306 00557.55969 141702
4611.47306 00557.55969 141703
4611.47306 00557.55969 141704
4611.47306 00557.55969 141705
4611.47306 00557.55969 141706
4611.47306 00557.55969 141707
4611.47306 00557.55969 141708
4611.47306 00557.55969 141709
4611.47306 00557.55969 141710
4611.47306 00557.55969 141711
4611.47306 00557.55969 141712
4611.47306 00557.55969 141713
4611.47306 00557.55969 141714
4611.47306 00557.55969 141715
4611.47306 00557.55969 141716
4611.47306 00557.55969 141717
4611.47306 00557.55969 141718
4611.47306 00557.55969 141719
4611.47306 00557.55969 141720
4611.47306 00557.55969 141721
4611.47306 00557.55969 141722
4611.47306 00557.55969 141723
4611.47306 00557.55969 141724
4611.47306 00557.55969 141725
4611.47306 00557.55969 141726
4611.47306 00557.55969 141727
4611.47306 00557.55969 141728
4611.47306 00557.55969 141729
4611.47306 00557.55969 141730
4611.47306 00557.55969 141731
4611.47306 00557.55969 141732
4611.47306 00557.55969 141733
4611.47306 00557.55969 141734
4611.47306 00557.55969 141735
4611.47306 00557.55969 141736
4611.47306 00557.55969 141737
4611.47306 00557.55969 141738
4611.47306 00557.55969 141739
4611.47306 00557.55969 141740
4611.47306 00557.55969 141741
4611.47306 00557.55969 141742
4611.47306 00557.55969 141743
4611.47306 00557.55969 141744
4611.47306 00557.55969 141745
4611.47306 00557.55969 141746
4611.47306 00557.55969 141747
4611.47306 00557.55969 141748
4611.47306 00557.55969 141749
4611.47306 00557.55969 141750
4611.47306 00557.55969 141751
4611.47306 00557.55969 141752
4611.47306 00557.55969 141753
4611.47306 00557.55969 141754
4611.47306 00557.55969 141755
4611.47306 00557.55969 141756
4611.47306 00557.55969 141757
4611.47306 00557.55969 141758
4611.47306 00557.55969 141759
4611.47306 00557.55969 141800
4611.47306 00557.55969 141801
4611.47306 00557.55969 141802
4611.47306 00557.55969 141803
4611.47306 00557.55969 141804
4611.47306 00557.55969 141805
4611.47306 00557.55969 141806
4611.47306 00557.55969 141807
4611.47306 00557.55969 141808
4611.47306 00557.55969 141809
4611.47306 00557.55969 141810
4611.47306 00557.55969 141811
4611.47306 00557.55969 141812
4611.47306 00557.55969 141813
4611.47306 00557.55969 141814
4611.47306 00557.55969 141815
4611.47306 00557.55969 141816
4611.47306 00557.55969 141817
4611.47306 00557.55969 141818
4611.47305 00557.55969 141819
4611.47306 00557.55969 141820
4611.47306 00557.55969 141821
4611.47306 00557.55969 141822
4611.47306 00557.55969 141823
4611.47306 00557.55969 141824
4611.47306 00557.55969 141825
4611.47306 00557.55969 141826
4611.47306 00557.55969 141827
4611.47306 00557.55969 141828
4611.47306 00557.55969 141829
4611.47306 00557.55969 141830
4611.47306 00557.55969 141831
4611.47306 00557.55969 141832
4611.47306 00557.55969 141833
4611.47306 00557.55969 141834
4611.47306 00557.55969 141835
4611.47306 00557.55969 141836
4611.47306 00557.55969 141837
4611.47306 00557.55969 141838
4611.47306 00557.55969 141839
4611.47306 00557.55969 141840
4611.47306 00557.55969 141841
4611.47306 00557.55969 141842
4611.47306 00557.55969 141843
4611.47306 00557.55969 141844
4611.47306 00557.55969 141845
4611.47306 00557.55969 141846
4611.47306 00557.55969 141847
4611.47306 00557.55969 141848
4611.47306 00557.55969 141849
4611.47306 00557.55969 141850
4611.47306 00557.55969 141851
4611.47306 00557.55969 141852
4611.47306 00557.55969 141853
4611.47306 00557.55969 141854
4611.47306 00557.55969 141855
4611.47306 00557.55969 141856
4611.47306 00557.55969 141857
4611.47306 00557.55969 141858
4611.47306 00557.55969 141859
4611.47306 00557.55969 141900
4611.47306 00557.55969 141901
4611.47306 00557.55969 141902
4611.47306 00557.55969 141903
4611.47306 00557.55969 141904
4611.47306 00557.55969 141905
4611.47306 00557.55969 141906
4611.47306 00557.55969 141907
4611.47306 00557.55969 141908
4611.47306 00557.55969 141909
4611.47306 00557.55969 141910
4611.47306 00557.55969 141911
4611.47306 00557.55969 141912
4611.47306 00557.55969 141913
4611.47306 00557.55969 141914
4611.47306 00557.55969 141915
4611.47306 00557.55969 141916
4611.47306 00557.55969 141917
4611.47306 00557.55969 141918
4611.47306 00557.55969 141919
4611.47306 00557.55969 141920
4611.47306 00557.55969 141921
4611.47306 00557.55969 141922
4611.47306 00557.55969 141923
4611.47306 00557.55969 141924
4611.47306 00557.55969 141925
4611.47306 00557.55969 141926
4611.47306 00557.55969 141927
4611.47306 00557.55969 141928
4611.47306 00557.55969 141929
4611.47306 00557.55969 141930
4611.47306 00557.55969 141931
4611.47306 00557.55969 141932
4611.47306 00557.55969 141933
4611.47306 00557.55969 141934
4611.47306 00557.55969 141935
4611.47306 00557.55969 141936
4611.47306 00557.55969 141937
4611.47306 00557.55969 141938
4611.47306 00557.55969 141939
4611.47306 00557.55969 141940
4611.47306 00557.55969 141941
4611.47306 00557.55969 141942
4611.47306 00557.55969 141943
4611.47306 00557.55969 141944
4611.47306 00557.55969 141945
4611.47306 00557.55969 141946
4611.47306 00557.55969 141947
4611.47306 00557.55969 141948
4611.47306 00557.55969 141949
4611.47306 00557.55969 141950
4611.47306 00557.55969 141951
4611.47306 00557.55969 141952
4611.47306 00557.55969 141953
4611.47306 00557.55969 141954
4611.47306 00557.55969 141955
4611.47306 00557.55969 141956
4611.47306 00557.55969 141957
4611.47306 00557.55969 141958
4611.47306 00557.55969 141959
4611.47306 00557.55969 142000
4611.47306 00557.55969 142001
4611.47306 00557.55969 142002
4611.47306 00557.55969 142003
4611.47306 00557.55969 142004
4611.47306 00557.55969 142005
4611.47306 00557.55969 142006
4611.47306 00557.55969 142007
4611.47306 00557.55969 142008
4611.47306 00557.55969 142009
4611.47306 00557.55969 142010
4611.47306 00557.55969 142011
4611.47306 00557.55969 142012
4611.47306 00557.55969 142013
4611.47306 00557.55969 142014
4611.47306 00557.55969 142015
4611.47306 00557.55969 142016
4611.47306 00557.55969 142017
4611.47306 00557.55969 142018
4611.47306 00557.55969 142019
4611.47306 00557.55969 142020
4611.47306 00557.55969 142021
4611.47306 00557.55969 142022
4611.47306 00557.55969 142023
4611.47306 00557.55969 142024
4611.47306 00557.55969 142025
4611.47306 00557.55969 142026
4611.47306 00557.55969 142027
4611.47306 00557.55969 142028
4611.47306 00557.55969 142029
4611.47306 00557.55969 142030
4611.47306 00557.55969 142031
4611.47306 00557.55969 142032
4611.47306 00557.55969 142033
4611.47306 00557.55969 142034
4611.47306 00557.55969 142035
4611.47306 00557.55969 142036
4611.47306 00557.55969 142037
4611.47306 00557.55969 142038
4611.47306 00557.55969 142039
4611.47306 00557.55969 142040
4611.47306 00557.55969 142041
4611.47306 00557.55969 142042
4611.47306 00557.55969 142043
4611.47306 00557.55969 142044
4611.47306 00557.55969 142045
4611.47306 00557.55969 142046
4611.47306 00557.55969 142047
4611.47306 00557.55969 142048
4611.47306 00557.55969 142049
4611.47306 00557.55969 142050
4611.47306 00557.55969 142051
4611.47306 00557.55969 142052
4611.47306 00557.55969 142053
4611.47306 00557.55969 142054
4611.47306 00557.55969 142055
4611.47306 00557.55969 142056
4611.47306 00557.55969 142057
4611.47306 00557.55969 142058
4611.47306 00557.55969 142059
4611.47306 00557.55969 142100
4611.47306 00557.55969 142101
4611.47306 00557.55969 142102
4611.47306 00557.55969 142103
4611.47306 00557.55969 142104
4611.47306 00557.55969 142105
4611.47306 00557.55969 142106
4611.47306 00557.55969 142107
4611.47306 00557.55969 142108
4611.47306 00557.55969 142109
4611.47306 00557.55969 142110
4611.47306 00557.55969 142111
4611.47306 00557.55969 142112
4611.47306 00557.55969 142113
4611.47306 00557.55969 142114
4611.47306 00557.55969 142115
4611.47306 00557.55969 142116
4611.47306 00557.55969 142117
4611.47306 00557.55969 142118
4611.47306 00557.55969 142119
4611.47306 00557.55969 142120
4611.47306 00557.55969 142121
4611.47306 00557.55969 142122
4611.47306 00557.55969 142123
4611.47306 00557.55969 142124
4611.47306 00557.55969 142125
4611.47306 00557.55969 142126
4611.47306 00557.55969 142127
4611.47306 00557.55969 142128
4611.47306 00557.55969 142129
4611.47306 00557.55969 142130
4611.47306 00557.55969 142131
4611.47306 00557.55969 142132
4611.47306 00557.55969 142133
4611.47306 00557.55969 142134
4611.47306 00557.55969 142135
4611.47306 00557.55969 142136
4611.47306 00557.55969 142137
4611.47306 00557.55969 142138
4611.47306 00557.55969 142139
4611.47306 00557.55969 142140
4611.47306 00557.55969 142141
4611.47306 00557.55969 142142
4611.47306 00557.55969 142143
4611.47306 00557.55969 142144
4611.47306 00557.55969 142145
4611.47306 00557.55969 142146
4611.47306 00557.55968 142147
4611.47306 00557.55969 142148
4611.47306 00557.55969 142149
4611.47306 00557.55969 142150
4611.47306 00557.55969 142151
4611.47306 00557.55969 142152
4611.47306 00557.55969 142153
4611.47306 00557.55969 142154
4611.47306 00557.55969 142155
4611.47306 00557.55969 142156
4611.47306 00557.55969 142157
4611.47306 00557.55969 142158
4611.47306 00557.55969 142159
4611.47306 00557.55969 142200
4611.47306 00557.55969 142201
4611.47306 00557.55969 142202
4611.47306 00557.55969 142203
4611.47306 00557.55969 142204
4611.47306 00557.55969 142205
4611.47306 00557.55969 142206
4611.47306 00557.55969 142207
4611.47306 00557.55969 142208
4611.47306 00557.55969 142209
4611.47306 00557.55969 142210
4611.47306 00557.55969 142211
4611.47306 00557.55969 142212
4611.47306 00557.55969 142213
4611.47306 00557.55969 142214
4611.47306 00557.55969 142215
4611.47306 00557.55969 142216
4611.47306 00557.55968 142217
4611.47306 00557.55969 142218
4611.47306 00557.55969 142219
4611.47306 00557.55969 142220
4611.47306 00557.55969 142221
4611.47306 00557.55969 142222
4611.47306 00557.55969 142223
4611.47306 00557.55968 142224
4611.47306 00557.55969 142225
4611.47306 00557.55969 142226
4611.47306 00557.55969 142227
4611.47306 00557.55969 142228
4611.47306 00557.55969 142229
4611.47306 00557.55969 142230
4611.47306 00557.55969 142231
4611.47306 00557.55969 142232
4611.47306 00557.55969 142233
4611.47306 00557.55969 142234
4611.47306 00557.55969 142235
4611.47306 00557.55969 142236
4611.47306 00557.55969 142237
4611.47306 00557.55969 142238
4611.47306 00557.55969 142239
4611.47306 00557.55969 142240
4611.47306 00557.55969 142241
4611.47306 00557.55969 142242
4611.47306 00557.55968 142243
4611.47306 00557.55969 142244
4611.47306 00557.55969 142245
4611.47306 00557.55969 142246
4611.47306 00557.55969 142247
4611.47306 00557.55968 142248
4611.47306 00557.55969 142249
4611.47306 00557.55969 142250
4611.47306 00557.55969 142251
4611.47306 00557.55969 142252
4611.47306 00557.55969 142253
4611.47306 00557.55969 142254
4611.47306 00557.55969 142255
4611.47306 00557.55969 142256
4611.47306 00557.55969 142257
4611.47306 00557.55969 142258
4611.47306 00557.55969 142259
4611.47306 00557.55969 142300
4611.47306 00557.55969 142301
4611.47306 00557.55969 142302
4611.47306 00557.55969 142303
4611.47306 00557.55969 142304
4611.47306 00557.55969 142305
4611.47306 00557.55969 142306
4611.47306 00557.55969 142307
4611.47306 00557.55969 142308
4611.47306 00557.55968 142309
4611.47306 00557.55969 142310
4611.47306 00557.55969 142311
4611.47306 00557.55969 142312
4611.47306 00557.55969 142313
4611.47306 00557.55969 142314
4611.47306 00557.55969 142315
4611.47306 00557.55969 142316
4611.47306 00557.55969 142317
4611.47306 00557.55969 142318
4611.47306 00557.55969 142319
4611.47306 00557.55969 142320
4611.47306 00557.55969 142321
4611.47306 00557.55969 142322
4611.47306 00557.55969 142323
4611.47306 00557.55969 142324
4611.47306 00557.55969 142325
4611.47306 00557.55969 142326
4611.47306 00557.55969 142327
4611.47306 00557.55969 142328
4611.47306 00557.55969 142329
4611.47306 00557.55969 142330
4611.47306 00557.55969 142331
4611.47306 00557.55969 142332
4611.47306 00557.55969 142333
4611.47306 00557.55969 142334
4611.47306 00557.55969 142335
4611.47306 00557.55969 142336
4611.47306 00557.55969 142337
4611.47306 00557.55969 142338
4611.47306 00557.55969 142339
4611.47306 00557.55969 142340
4611.47306 00557.55969 142341
4611.47306 00557.55969 142342
4611.47306 00557.55969 142343
4611.47306 00557.55969 142344
4611.47306 00557.55969 142345
4611.47306 00557.55969 142346
4611.47306 00557.55969 142347
4611.47306 00557.55969 142348
4611.47306 00557.55969 142349
4611.47306 00557.55969 142350
4611.47306 00557.55969 142351
4611.47306 00557.55969 142352
4611.47306 00557.55969 142353
4611.47306 00557.55968 142354
4611.47306 00557.55969 142355
4611.47306 00557.55968 142356
4611.47306 00557.55969 142357
4611.47306 00557.55969 142358
4611.47306 00557.55969 142359
4611.47306 00557.55969 142400
4611.47306 00557.55969 142401
4611.47306 00557.55969 142402
4611.47306 00557.55969 142403
4611.47306 00557.55969 142404
4611.47306 00557.55969 142405
4611.47306 00557.55969 142406
4611.47306 00557.55969 142407
4611.47306 00557.55969 142408
4611.47306 00557.55969 142409
4611.47306 00557.55969 142410
4611.47306 00557.55969 142411
4611.47306 00557.55969 142412
4611.47306 00557.55969 142413
4611.47306 00557.55969 142414
4611.47306 00557.55969 142415
4611.47306 00557.55969 142416
4611.47306 00557.55969 142417
4611.47306 00557.55969 142418
4611.47306 00557.55969 142419
4611.47306 00557.55969 142420
4611.47306 00557.55969 142421
4611.47306 00557.55969 142422
4611.47306 00557.55969 142423
4611.47306 00557.55969 142424
4611.47306 00557.55969 142425
4611.47306 00557.55969 142426
4611.47306 00557.55969 142427
4611.47306 00557.55969 142428
4611.47306 00557.55969 142429
4611.47306 00557.55969 142430
4611.47306 00557.55969 142431
4611.47306 00557.55969 142432
4611.47306 00557.55969 142433
4611.47306 00557.55969 142434
4611.47306 00557.55969 142435
4611.47306 00557.55969 142436
4611.47306 00557.55969 142437
4611.47306 00557.55969 142438
4611.47306 00557.55969 142439
4611.47306 00557.55969 142440
4611.47306 00557.55969 142441
4611.47306 00557.55969 142442
4611.47306 00557.55969 142443
4611.47306 00557.55969 142444
4611.47306 00557.55969 142445
4611.47306 00557.55969 142446
4611.47306 00557.55969 142447
4611.47306 00557.55969 142448
4611.47306 00557.55969 142449
4611.47306 00557.55969 142450
4611.47306 00557.55969 142451
4611.47306 00557.55969 142452
4611.47306 00557.55969 142453
4611.47306 00557.55969 142454
4611.47306 00557.55969 142455
4611.47306 00557.55969 142456
4611.47306 00557.55969 142457
4611.47306 00557.55969 142458
4611.47306 00557.55969 142459