4608.80590 00557.86176 193300
4608.80590 00557.86176 193301
4608.80590 00557.86176 193302
4608.80590 00557.86176 193303
4608.80590 00557.86176 193304
4608.80590 00557.86176 193305
4608.80590 00557.86176 193306
4608.80590 00557.86176 193307
4608.80590 00557.86176 193308
4608.80590 00557.86176 193309
4608.80590 00557.86176 193310
4608.80589 00557.86176 193311
4608.80590 00557.86176 193312
4608.80590 00557.86176 193313
4608.80589 00557.86176 193314
4608.80590 00557.86177 193315
4608.80590 00557.86177 193316
4608.80589 00557.86177 193317
4608.80589 00557.86177 193318
4608.80589 00557.86177 193319
4608.80590 00557.86176 193320
4608.80590 00557.86176 193321
4608.80590 00557.86176 193322
4608.80590 00557.86176 193323
4608.80590 00557.86176 193324
4608.80590 00557.86176 193325
4608.80590 00557.86176 193326
4608.80590 00557.86176 193327
4608.80590 00557.86176 193328
4608.80590 00557.86176 193329
4608.80590 00557.86176 193330
4608.80590 00557.86176 193331
4608.80590 00557.86176 193332
4608.80590 00557.86176 193333
4608.80590 00557.86176 193334
4608.80590 00557.86176 193335
4608.80590 00557.86177 193336
4608.80590 00557.86176 193337
4608.80590 00557.86177 193338
4608.80590 00557.86177 193339
4608.80590 00557.86177 193340
4608.80590 00557.86177 193341
4608.80590 00557.86177 193342
4608.80590 00557.86176 193343
4608.80590 00557.86176 193344
4608.80590 00557.86176 193345
4608.80590 00557.86176 193346
4608.80590 00557.86176 193347
4608.80590 00557.86176 193348
4608.80590 00557.86176 193349
4608.80590 00557.86176 193350
4608.80590 00557.86176 193351
4608.80590 00557.86176 193352
4608.80590 00557.86176 193353
4608.80590 00557.86176 193354
4608.80590 00557.86176 193355
4608.80590 00557.86176 193356
4608.80590 00557.86176 193357
4608.80590 00557.86176 193358
4608.80590 00557.86176 193359
4608.80590 00557.86176 193400
4608.80590 00557.86176 193401
4608.80590 00557.86176 193402
4608.80590 00557.86176 193403
4608.80590 00557.86175 193404
4608.80590 00557.86175 193405
4608.80590 00557.86176 193406
4608.80590 00557.86176 193407
4608.80590 00557.86176 193408
4608.80590 00557.86176 193409
4608.80590 00557.86175 193410
4608.80590 00557.86175 193411
4608.80590 00557.86175 193412
4608.80590 00557.86175 193413
4608.80590 00557.86175 193414
4608.80590 00557.86175 193415
4608.80590 00557.86175 193416
4608.80590 00557.86175 193417
4608.80590 00557.86175 193418
4608.80590 00557.86175 193419
4608.80590 00557.86175 193420
4608.80590 00557.86175 193421
4608.80590 00557.86175 193422
4608.80589 00557.86174 193423
4608.80589 00557.86174 193424
4608.80589 00557.86174 193425
4608.80589 00557.86174 193426
4608.80589 00557.86175 193427
4608.80589 00557.86174 193428
4608.80589 00557.86174 193429
4608.80589 00557.86175 193430
4608.80589 00557.86174 193431
4608.80589 00557.86175 193432
4608.80589 00557.86174 193433
4608.80589 00557.86175 193434
4608.80589 00557.86175 193435
4608.80589 00557.86174 193436
4608.80589 00557.86174 193437
4608.80589 00557.86174 193438
4608.80589 00557.86174 193439
4608.80589 00557.86174 193440
4608.80589 00557.86174 193441
4608.80589 00557.86174 193442
4608.80589 00557.86174 193443
4608.80589 00557.86174 193444
4608.80589 00557.86174 193445
4608.80589 00557.86174 193446
4608.80589 00557.86174 193447
4608.80589 00557.86174 193448
4608.80589 00557.86174 193449
4608.80589 00557.86174 193450
4608.80589 00557.86175 193451
4608.80590 00557.86175 193452
4608.80590 00557.86175 193453
4608.80589 00557.86175 193454
4608.80590 00557.86175 193455
4608.80589 00557.86174 193456
4608.80589 00557.86174 193457
4608.80589 00557.86174 193458
4608.80589 00557.86174 193459
4608.80589 00557.86174 193500
4608.80589 00557.86174 193501
4608.80589 00557.86174 193502
4608.80589 00557.86174 193503
4608.80589 00557.86173 193504
4608.80590 00557.86174 193505
4608.80590 00557.86174 193506
4608.80590 00557.86174 193507
4608.80590 00557.86174 193508
4608.80590 00557.86174 193509
4608.80590 00557.86174 193510
4608.80590 00557.86174 193511
4608.80590 00557.86174 193512
4608.80590 00557.86174 193513
4608.80590 00557.86173 193514
4608.80590 00557.86173 193515
4608.80590 00557.86173 193516
4608.80590 00557.86174 193517
4608.80590 00557.86173 193518
4608.80590 00557.86173 193519
4608.80590 00557.86173 193520
4608.80590 00557.86174 193521
4608.80590 00557.86174 193522
4608.80590 00557.86174 193523
4608.80590 00557.86174 193524
4608.80590 00557.86174 193525
4608.80590 00557.86174 193526
4608.80590 00557.86174 193527
4608.80590 00557.86174 193528
4608.80590 00557.86174 193529
4608.80590 00557.86174 193530
4608.80590 00557.86174 193531
4608.80590 00557.86174 193532
4608.80590 00557.86174 193533
4608.80590 00557.86174 193534
4608.80590 00557.86174 193535
4608.80590 00557.86174 193536
4608.80590 00557.86174 193537
4608.80590 00557.86174 193538
4608.80589 00557.86174 193539
4608.80589 00557.86174 193540
4608.80590 00557.86174 193541
4608.80589 00557.86174 193542
4608.80589 00557.86174 193543
4608.80589 00557.86174 193544
4608.80589 00557.86174 193545
4608.80589 00557.86174 193546
4608.80589 00557.86174 193547
4608.80589 00557.86174 193548
4608.80589 00557.86174 193549
4608.80589 00557.86174 193550
4608.80589 00557.86174 193551
4608.80589 00557.86174 193552
4608.80589 00557.86174 193553
4608.80589 00557.86174 193554
4608.80589 00557.86174 193555
4608.80589 00557.86174 193556
4608.80589 00557.86174 193557
4608.80589 00557.86174 193558
4608.80589 00557.86174 193559
4608.80589 00557.86174 193600
4608.80589 00557.86174 193601
4608.80589 00557.86174 193602
4608.80590 00557.86175 193603
4608.80589 00557.86175 193604
4608.80589 00557.86175 193605
4608.80589 00557.86175 193606
4608.80589 00557.86175 193607
4608.80589 00557.86175 193608
4608.80589 00557.86175 193609
4608.80589 00557.86175 193610
4608.80589 00557.86175 193611
4608.80589 00557.86175 193612
4608.80589 00557.86175 193613
4608.80589 00557.86176 193614
4608.80589 00557.86176 193615
4608.80589 00557.86175 193616
4608.80589 00557.86175 193617
4608.80589 00557.86175 193618
4608.80589 00557.86175 193619
4608.80588 00557.86175 193620
4608.80589 00557.86175 193621
4608.80589 00557.86175 193622
4608.80589 00557.86175 193623
4608.80589 00557.86174 193624
4608.80589 00557.86175 193625
4608.80589 00557.86175 193626
4608.80589 00557.86174 193627
4608.80589 00557.86175 193628
4608.80589 00557.86175 193629
4608.80589 00557.86174 193630
4608.80589 00557.86174 193631
4608.80589 00557.86175 193632
4608.80589 00557.86174 193633
4608.80589 00557.86174 193634
4608.80589 00557.86174 193635
4608.80589 00557.86174 193636
4608.80589 00557.86174 193637
4608.80589 00557.86174 193638
4608.80589 00557.86174 193639
4608.80589 00557.86174 193640
4608.80588 00557.86174 193641
4608.80588 00557.86174 193642
4608.80589 00557.86174 193643
4608.80589 00557.86174 193644
4608.80589 00557.86177 193645
4608.80589 00557.86177 193646
4608.80589 00557.86177 193647
4608.80589 00557.86177 193648
4608.80589 00557.86177 193649
4608.80589 00557.86177 193650
4608.80589 00557.86177 193651
4608.80589 00557.86178 193652
4608.80589 00557.86177 193653
4608.80589 00557.86178 193654
4608.80589 00557.86178 193655
4608.80589 00557.86178 193656
4608.80589 00557.86178 193657
4608.80589 00557.86178 193658
4608.80589 00557.86178 193659
4608.80589 00557.86176 193700
4608.80589 00557.86178 193701
4608.80589 00557.86178 193702
4608.80589 00557.86175 193703
4608.80589 00557.86175 193704
4608.80589 00557.86175 193705
4608.80589 00557.86175 193706
4608.80589 00557.86175 193707
4608.80589 00557.86175 193708
4608.80589 00557.86175 193709
4608.80589 00557.86175 193710
4608.80589 00557.86175 193711
4608.80589 00557.86175 193712
4608.80589 00557.86175 193713
4608.80589 00557.86175 193714
4608.80589 00557.86175 193715
4608.80588 00557.86175 193716
4608.80588 00557.86176 193717
4608.80588 00557.86176 193718
4608.80588 00557.86175 193719
4608.80588 00557.86175 193720
4608.80588 00557.86175 193721
4608.80588 00557.86176 193722
4608.80588 00557.86176 193723
4608.80588 00557.86175 193724
4608.80588 00557.86175 193725
4608.80588 00557.86175 193726
4608.80588 00557.86176 193727
4608.80588 00557.86175 193728
4608.80588 00557.86176 193729
4608.80588 00557.86176 193730
4608.80588 00557.86175 193731
4608.80588 00557.86175 193732
4608.80588 00557.86175 193733
4608.80588 00557.86175 193734
4608.80588 00557.86175 193735
4608.80588 00557.86175 193736
4608.80588 00557.86175 193737
4608.80588 00557.86175 193738
4608.80588 00557.86175 193739
4608.80588 00557.86175 193740
4608.80588 00557.86176 193741
4608.80588 00557.86176 193742
4608.80588 00557.86174 193743
4608.80588 00557.86176 193744
4608.80588 00557.86176 193745
4608.80589 00557.86177 193746
4608.80589 00557.86177 193747
4608.80589 00557.86176 193748
4608.80589 00557.86177 193749
4608.80589 00557.86177 193750
4608.80589 00557.86177 193751
4608.80589 00557.86177 193752
4608.80589 00557.86177 193753
4608.80589 00557.86177 193754
4608.80589 00557.86177 193755
4608.80589 00557.86177 193756
4608.80589 00557.86177 193757
4608.80589 00557.86177 193758
4608.80589 00557.86177 193759
4608.80589 00557.86177 193800
4608.80589 00557.86177 193801
4608.80589 00557.86177 193802
4608.80589 00557.86177 193803
4608.80589 00557.86177 193804
4608.80590 00557.86177 193805
4608.80589 00557.86175 193806
4608.80589 00557.86175 193807
4608.80589 00557.86175 193808
4608.80589 00557.86175 193809
4608.80589 00557.86176 193810
4608.80589 00557.86176 193811
4608.80589 00557.86175 193812
4608.80589 00557.86175 193813
4608.80589 00557.86175 193814
4608.80589 00557.86175 193815
4608.80589 00557.86175 193816
4608.80589 00557.86175 193817
4608.80589 00557.86175 193818
4608.80589 00557.86175 193819
4608.80589 00557.86175 193820
4608.80589 00557.86175 193821
4608.80589 00557.86175 193822
4608.80589 00557.86175 193823
4608.80589 00557.86175 193824
4608.80589 00557.86175 193825
4608.80589 00557.86176 193826
4608.80589 00557.86176 193827
4608.80589 00557.86176 193828
4608.80589 00557.86175 193829
4608.80589 00557.86176 193830
4608.80589 00557.86175 193831
4608.80589 00557.86175 193832
4608.80589 00557.86176 193833
4608.80589 00557.86175 193834
4608.80589 00557.86175 193835
4608.80589 00557.86175 193836
4608.80589 00557.86175 193837
4608.80589 00557.86176 193838
4608.80589 00557.86176 193839
4608.80589 00557.86175 193840
4608.80589 00557.86176 193841
4608.80589 00557.86175 193842
4608.80589 00557.86175 193843
4608.80589 00557.86175 193844
4608.80589 00557.86175 193845
4608.80589 00557.86175 193846
4608.80589 00557.86175 193847
4608.80589 00557.86176 193848
4608.80589 00557.86175 193849
4608.80589 00557.86175 193850
4608.80589 00557.86176 193851
4608.80589 00557.86175 193852
4608.80589 00557.86176 193853
4608.80589 00557.86176 193854
4608.80589 00557.86176 193855
4608.80589 00557.86176 193856
4608.80589 00557.86176 193857
4608.80589 00557.86176 193858
4608.80589 00557.86176 193859
4608.80589 00557.86176 193900
4608.80589 00557.86176 193901
4608.80589 00557.86176 193902
4608.80589 00557.86176 193903
4608.80589 00557.86176 193904
4608.80589 00557.86176 193905
4608.80589 00557.86176 193906
4608.80589 00557.86176 193907
4608.80589 00557.86176 193908
4608.80589 00557.86176 193909
4608.80589 00557.86176 193910
4608.80589 00557.86176 193911
4608.80589 00557.86176 193912
4608.80589 00557.86176 193913
4608.80589 00557.86176 193914
4608.80589 00557.86176 193915
4608.80589 00557.86176 193916
4608.80589 00557.86176 193917
4608.80589 00557.86176 193918
4608.80589 00557.86176 193919
4608.80589 00557.86176 193920
4608.80589 00557.86176 193921
4608.80589 00557.86176 193922
4608.80589 00557.86176 193923
4608.80589 00557.86176 193924
4608.80589 00557.86176 193925
4608.80589 00557.86176 193926
4608.80589 00557.86176 193927
4608.80589 00557.86176 193928
4608.80589 00557.86176 193929
4608.80589 00557.86176 193930
4608.80589 00557.86176 193931
4608.80589 00557.86176 193932
4608.80589 00557.86176 193933
4608.80589 00557.86176 193934
4608.80589 00557.86176 193935
4608.80589 00557.86176 193936
4608.80589 00557.86176 193937
4608.80589 00557.86176 193938
4608.80588 00557.86174 193939
4608.80588 00557.86174 193940
4608.80588 00557.86174 193941
4608.80588 00557.86174 193942
4608.80588 00557.86174 193943
4608.80588 00557.86174 193944
4608.80588 00557.86174 193945
4608.80587 00557.86174 193946
4608.80588 00557.86174 193947
4608.80588 00557.86174 193948
4608.80588 00557.86174 193949
4608.80588 00557.86174 193950
4608.80588 00557.86174 193951
4608.80588 00557.86174 193952
4608.80588 00557.86174 193953
4608.80588 00557.86174 193954
4608.80588 00557.86174 193955
4608.80588 00557.86173 193956
4608.80588 00557.86174 193957
4608.80588 00557.86174 193958
4608.80588 00557.86174 193959
4608.80588 00557.86173 194000
4608.80588 00557.86173 194001
4608.80588 00557.86174 194002
4608.80588 00557.86173 194003
4608.80588 00557.86175 194004
4608.80589 00557.86175 194005
4608.80589 00557.86175 194006
4608.80589 00557.86175 194007
4608.80589 00557.86175 194008
4608.80589 00557.86174 194009
4608.80589 00557.86174 194010
4608.80588 00557.86174 194011
4608.80588 00557.86174 194012
4608.80588 00557.86174 194013
4608.80588 00557.86174 194014
4608.80588 00557.86174 194015
4608.80588 00557.86174 194016
4608.80589 00557.86174 194017
4608.80589 00557.86174 194018
4608.80589 00557.86174 194019
4608.80588 00557.86174 194020
4608.80589 00557.86174 194021
4608.80589 00557.86174 194022
4608.80589 00557.86174 194023
4608.80589 00557.86174 194024
4608.80589 00557.86174 194025
4608.80589 00557.86174 194026
4608.80589 00557.86174 194027
4608.80589 00557.86174 194028
4608.80588 00557.86174 194029
4608.80589 00557.86175 194030
4608.80589 00557.86174 194031
4608.80589 00557.86174 194032
4608.80589 00557.86175 194033
4608.80589 00557.86175 194034
4608.80589 00557.86174 194035
4608.80589 00557.86174 194036
4608.80589 00557.86174 194037
4608.80589 00557.86175 194038
4608.80589 00557.86175 194039
4608.80589 00557.86174 194040
4608.80589 00557.86174 194041
4608.80589 00557.86174 194042
4608.80589 00557.86174 194043
4608.80589 00557.86175 194044
4608.80589 00557.86174 194045
4608.80589 00557.86174 194046
4608.80589 00557.86174 194047
4608.80589 00557.86174 194048
4608.80588 00557.86174 194049
4608.80589 00557.86174 194050
4608.80588 00557.86174 194051
4608.80589 00557.86174 194052
4608.80589 00557.86174 194053
4608.80589 00557.86174 194054
4608.80589 00557.86174 194055
4608.80589 00557.86174 194056
4608.80589 00557.86175 194057
4608.80588 00557.86175 194058
4608.80589 00557.86175 194059
4608.80589 00557.86175 194100
4608.80589 00557.86174 194101
4608.80589 00557.86175 194102
4608.80589 00557.86175 194103
4608.80589 00557.86175 194104
4608.80589 00557.86175 194105
4608.80589 00557.86175 194106
4608.80588 00557.86175 194107
4608.80588 00557.86175 194108
4608.80589 00557.86175 194109
4608.80589 00557.86175 194110
4608.80589 00557.86175 194111
4608.80589 00557.86175 194112
4608.80589 00557.86175 194113
4608.80589 00557.86175 194114
4608.80588 00557.86175 194115
4608.80589 00557.86175 194116
4608.80589 00557.86175 194117
4608.80589 00557.86175 194118
4608.80588 00557.86175 194119
4608.80589 00557.86175 194120
4608.80589 00557.86175 194121
4608.80589 00557.86175 194122
4608.80588 00557.86175 194123
4608.80588 00557.86175 194124
4608.80589 00557.86175 194125
4608.80589 00557.86175 194126
4608.80589 00557.86175 194127
4608.80589 00557.86175 194128
4608.80589 00557.86175 194129
4608.80589 00557.86175 194130
4608.80589 00557.86175 194131
4608.80589 00557.86175 194132
4608.80589 00557.86175 194133
4608.80589 00557.86175 194134
4608.80589 00557.86175 194135
4608.80589 00557.86175 194136
4608.80589 00557.86175 194137
4608.80589 00557.86175 194138
4608.80589 00557.86175 194139
4608.80589 00557.86175 194140
4608.80589 00557.86174 194141
4608.80589 00557.86175 194142
4608.80589 00557.86175 194143
4608.80589 00557.86175 194144
4608.80589 00557.86175 194145
4608.80589 00557.86174 194146
4608.80589 00557.86174 194147
4608.80589 00557.86175 194148
4608.80589 00557.86175 194149
4608.80589 00557.86175 194150
4608.80589 00557.86174 194151
4608.80589 00557.86174 194152
4608.80589 00557.86174 194153
4608.80589 00557.86174 194154
4608.80589 00557.86174 194155
4608.80589 00557.86174 194156
4608.80589 00557.86174 194157
4608.80589 00557.86174 194158
4608.80589 00557.86174 194159
4608.80589 00557.86174 194200
4608.80589 00557.86174 194201
4608.80589 00557.86174 194202
4608.80589 00557.86174 194203
4608.80589 00557.86174 194204
4608.80589 00557.86174 194205
4608.80589 00557.86174 194206
4608.80589 00557.86174 194207
4608.80589 00557.86174 194208
4608.80589 00557.86174 194209
4608.80589 00557.86174 194210
4608.80589 00557.86174 194211
4608.80589 00557.86174 194212
4608.80589 00557.86174 194213
4608.80589 00557.86174 194214
4608.80589 00557.86174 194215
4608.80589 00557.86174 194216
4608.80589 00557.86174 194217
4608.80589 00557.86174 194218
4608.80589 00557.86174 194219
4608.80589 00557.86174 194220
4608.80589 00557.86174 194221
4608.80588 00557.86174 194222
4608.80589 00557.86174 194223
4608.80589 00557.86174 194224
4608.80588 00557.86174 194225
4608.80589 00557.86174 194226
4608.80588 00557.86174 194227
4608.80588 00557.86174 194228
4608.80589 00557.86174 194229
4608.80589 00557.86174 194230
4608.80588 00557.86174 194231
4608.80589 00557.86174 194232
4608.80588 00557.86174 194233
4608.80589 00557.86175 194234
4608.80590 00557.86174 194235
4608.80590 00557.86174 194236
4608.80590 00557.86174 194237
4608.80590 00557.86175 194238
4608.80590 00557.86175 194239
4608.80590 00557.86175 194240
4608.80590 00557.86175 194241
4608.80590 00557.86175 194242
4608.80590 00557.86174 194243
4608.80590 00557.86174 194244
4608.80590 00557.86175 194245
4608.80590 00557.86175 194246
4608.80591 00557.86175 194247
4608.80590 00557.86175 194248
4608.80590 00557.86175 194249
4608.80591 00557.86175 194250
4608.80591 00557.86175 194251
4608.80590 00557.86175 194252
4608.80591 00557.86175 194253
4608.80591 00557.86175 194254
4608.80591 00557.86175 194255
4608.80591 00557.86175 194256
4608.80591 00557.86175 194257
4608.80591 00557.86175 194258
4608.80588 00557.86175 194259
4608.80588 00557.86175 194300
4608.80588 00557.86176 194301
4608.80588 00557.86175 194302
4608.80588 00557.86175 194303
4608.80588 00557.86175 194304
4608.80588 00557.86175 194305
4608.80588 00557.86175 194306
4608.80588 00557.86175 194307
4608.80588 00557.86175 194308
4608.80588 00557.86175 194309
4608.80588 00557.86175 194310
4608.80588 00557.86175 194311
4608.80588 00557.86175 194312
4608.80588 00557.86175 194313
4608.80588 00557.86175 194314
4608.80588 00557.86175 194315
4608.80588 00557.86175 194316
4608.80588 00557.86175 194317
4608.80588 00557.86175 194318
4608.80588 00557.86175 194319
4608.80588 00557.86174 194320
4608.80588 00557.86174 194321
4608.80588 00557.86175 194322
4608.80588 00557.86175 194323
4608.80588 00557.86174 194324
4608.80588 00557.86175 194325
4608.80588 00557.86175 194326
4608.80588 00557.86175 194327
4608.80588 00557.86174 194328
4608.80589 00557.86174 194329
4608.80588 00557.86175 194330
4608.80588 00557.86174 194331
4608.80588 00557.86174 194332
4608.80588 00557.86175 194333
4608.80588 00557.86174 194334
4608.80588 00557.86174 194335
4608.80589 00557.86174 194336
4608.80588 00557.86174 194337
4608.80588 00557.86175 194338
4608.80588 00557.86175 194339
4608.80588 00557.86174 194340
4608.80588 00557.86174 194341
4608.80589 00557.86174 194342
4608.80589 00557.86174 194343
4608.80589 00557.86174 194344
4608.80589 00557.86174 194345
4608.80589 00557.86174 194346
4608.80589 00557.86174 194347
4608.80589 00557.86174 194348
4608.80588 00557.86174 194349
4608.80589 00557.86174 194350
4608.80588 00557.86174 194351
4608.80588 00557.86174 194352
4608.80588 00557.86174 194353
4608.80588 00557.86174 194354
4608.80588 00557.86174 194355
4608.80588 00557.86174 194356
4608.80588 00557.86174 194357
4608.80588 00557.86174 194358
4608.80588 00557.86174 194359
4608.80589 00557.86174 194400
4608.80589 00557.86174 194401
4608.80589 00557.86174 194402
4608.80588 00557.86174 194403
4608.80589 00557.86174 194404
4608.80589 00557.86174 194405
4608.80588 00557.86174 194406
4608.80588 00557.86174 194407
4608.80588 00557.86174 194408
4608.80588 00557.86174 194409
4608.80588 00557.86174 194410
4608.80589 00557.86174 194411
4608.80588 00557.86174 194412
4608.80588 00557.86174 194413
4608.80588 00557.86174 194414
4608.80588 00557.86174 194415
4608.80589 00557.86174 194416
4608.80588 00557.86174 194417
4608.80588 00557.86174 194418
4608.80588 00557.86174 194419
4608.80588 00557.86174 194420
4608.80589 00557.86174 194421
4608.80589 00557.86174 194422
4608.80589 00557.86174 194423
4608.80589 00557.86173 194424
4608.80589 00557.86174 194425
4608.80589 00557.86173 194426
4608.80589 00557.86173 194427
4608.80589 00557.86173 194428
4608.80589 00557.86174 194429
4608.80589 00557.86174 194430
4608.80589 00557.86173 194431
4608.80589 00557.86173 194432
4608.80589 00557.86173 194433
4608.80589 00557.86173 194434
4608.80589 00557.86173 194435
4608.80589 00557.86173 194436
4608.80589 00557.86173 194437
4608.80587 00557.86173 194438
4608.80587 00557.86173 194439
4608.80587 00557.86173 194440
4608.80587 00557.86173 194441
4608.80587 00557.86173 194442
4608.80587 00557.86173 194443
4608.80586 00557.86173 194444
4608.80586 00557.86173 194445
4608.80587 00557.86173 194446
4608.80587 00557.86173 194447
4608.80586 00557.86173 194448
4608.80586 00557.86173 194449
4608.80586 00557.86173 194450
4608.80586 00557.86173 194451
4608.80586 00557.86173 194452
4608.80586 00557.86173 194453
4608.80586 00557.86173 194454
4608.80586 00557.86173 194455
4608.80586 00557.86173 194456
4608.80586 00557.86173 194457
4608.80586 00557.86173 194458
4608.80586 00557.86173 194459
4608.80586 00557.86173 194500
4608.80586 00557.86173 194501
4608.80587 00557.86173 194502
4608.80587 00557.86173 194503
4608.80587 00557.86173 194504
4608.80587 00557.86173 194505
4608.80587 00557.86173 194506
4608.80587 00557.86173 194507
4608.80586 00557.86173 194508
4608.80586 00557.86173 194509
4608.80586 00557.86173 194510
4608.80586 00557.86173 194511
4608.80586 00557.86173 194512
4608.80587 00557.86173 194513
4608.80586 00557.86173 194514
4608.80587 00557.86173 194515
4608.80587 00557.86173 194516
4608.80587 00557.86173 194517
4608.80587 00557.86173 194518
4608.80587 00557.86173 194519
4608.80587 00557.86173 194520
4608.80586 00557.86173 194521
4608.80586 00557.86173 194522
4608.80587 00557.86173 194523
4608.80587 00557.86173 194524
4608.80587 00557.86173 194525
4608.80587 00557.86173 194526
4608.80587 00557.86173 194527
4608.80587 00557.86173 194528
4608.80587 00557.86173 194529
4608.80587 00557.86173 194530
4608.80587 00557.86173 194531
4608.80587 00557.86173 194532
4608.80587 00557.86173 194533
4608.80587 00557.86174 194534
4608.80587 00557.86173 194535
4608.80589 00557.86173 194536
4608.80589 00557.86173 194537
4608.80589 00557.86173 194538
4608.80589 00557.86173 194539
4608.80589 00557.86173 194540
4608.80589 00557.86173 194541
4608.80589 00557.86173 194542
4608.80589 00557.86173 194543
4608.80589 00557.86173 194544
4608.80589 00557.86173 194545
4608.80589 00557.86173 194546
4608.80589 00557.86173 194547
4608.80589 00557.86173 194548
4608.80589 00557.86174 194549
4608.80589 00557.86174 194550
4608.80589 00557.86174 194551
4608.80589 00557.86174 194552
4608.80589 00557.86174 194553
4608.80589 00557.86174 194554
4608.80589 00557.86174 194555
4608.80589 00557.86174 194556
4608.80589 00557.86174 194557
4608.80589 00557.86174 194558
4608.80589 00557.86174 194559
4608.80589 00557.86174 194600
4608.80588 00557.86174 194601
4608.80589 00557.86173 194602
4608.80589 00557.86174 194603
4608.80589 00557.86174 194604
4608.80589 00557.86173 194605
4608.80589 00557.86174 194606
4608.80589 00557.86173 194607
4608.80589 00557.86174 194608
4608.80589 00557.86174 194609
4608.80588 00557.86174 194610
4608.80588 00557.86174 194611
4608.80588 00557.86174 194612
4608.80588 00557.86174 194613
4608.80589 00557.86174 194614
4608.80589 00557.86173 194615
4608.80589 00557.86173 194616
4608.80589 00557.86173 194617
4608.80589 00557.86174 194618
4608.80589 00557.86174 194619
4608.80589 00557.86174 194620
4608.80589 00557.86174 194621
4608.80589 00557.86174 194622
4608.80589 00557.86174 194623
4608.80589 00557.86174 194624
4608.80589 00557.86174 194625
4608.80589 00557.86174 194626
4608.80589 00557.86174 194627
4608.80589 00557.86174 194628
4608.80589 00557.86174 194629
4608.80589 00557.86174 194630
4608.80589 00557.86174 194631
4608.80589 00557.86174 194632
4608.80589 00557.86174 194633
4608.80589 00557.86174 194634
4608.80590 00557.86174 194635
4608.80589 00557.86174 194636
4608.80589 00557.86174 194637
4608.80589 00557.86174 194638
4608.80589 00557.86174 194639
4608.80589 00557.86174 194640
4608.80589 00557.86174 194641
4608.80590 00557.86174 194642
4608.80589 00557.86174 194643
4608.80589 00557.86174 194644
4608.80589 00557.86174 194645
4608.80590 00557.86174 194646
4608.80589 00557.86174 194647
4608.80589 00557.86174 194648
4608.80589 00557.86174 194649
4608.80589 00557.86174 194650
4608.80589 00557.86174 194651
4608.80589 00557.86175 194652
4608.80589 00557.86174 194653
4608.80589 00557.86174 194654
4608.80589 00557.86174 194655
4608.80589 00557.86175 194656
4608.80589 00557.86174 194657
4608.80589 00557.86175 194658
4608.80589 00557.86175 194659
4608.80589 00557.86175 194700
4608.80589 00557.86175 194701
4608.80589 00557.86174 194702
4608.80589 00557.86175 194703
4608.80589 00557.86175 194704
4608.80589 00557.86175 194705
4608.80589 00557.86175 194706
4608.80589 00557.86175 194707
4608.80589 00557.86175 194708
4608.80589 00557.86175 194709
4608.80588 00557.86175 194710
4608.80588 00557.86175 194711
4608.80588 00557.86175 194712
4608.80588 00557.86175 194713
4608.80588 00557.86175 194714
4608.80588 00557.86175 194715
4608.80588 00557.86175 194716
4608.80588 00557.86175 194717
4608.80588 00557.86174 194718
4608.80587 00557.86175 194719
4608.80588 00557.86175 194720
4608.80588 00557.86175 194721
4608.80588 00557.86175 194722
4608.80588 00557.86175 194723
4608.80588 00557.86175 194724
4608.80588 00557.86175 194725
4608.80588 00557.86175 194726
4608.80588 00557.86175 194727
4608.80588 00557.86175 194728
4608.80589 00557.86175 194729
4608.80588 00557.86175 194730
4608.80588 00557.86175 194731
4608.80588 00557.86175 194732
4608.80590 00557.86175 194733
4608.80590 00557.86175 194734
4608.80590 00557.86175 194735
4608.80590 00557.86175 194736
4608.80590 00557.86175 194737
4608.80590 00557.86175 194738
4608.80590 00557.86175 194739
4608.80590 00557.86176 194740
4608.80590 00557.86176 194741
4608.80590 00557.86176 194742
4608.80590 00557.86176 194743
4608.80590 00557.86176 194744
4608.80590 00557.86175 194745
4608.80590 00557.86175 194746
4608.80590 00557.86175 194747
4608.80590 00557.86175 194748
4608.80590 00557.86175 194749
4608.80590 00557.86175 194750
4608.80590 00557.86175 194751
4608.80590 00557.86175 194752
4608.80590 00557.86175 194753
4608.80590 00557.86175 194754
4608.80590 00557.86175 194755
4608.80590 00557.86175 194756
4608.80590 00557.86175 194757
4608.80590 00557.86175 194758
4608.80590 00557.86175 194759
4608.80590 00557.86175 194800
4608.80590 00557.86175 194801
4608.80590 00557.86175 194802
4608.80590 00557.86175 194803
4608.80590 00557.86174 194804
4608.80589 00557.86174 194805
4608.80590 00557.86174 194806
4608.80590 00557.86174 194807
4608.80590 00557.86174 194808
4608.80590 00557.86174 194809
4608.80590 00557.86174 194810
4608.80590 00557.86174 194811
4608.80590 00557.86174 194812
4608.80589 00557.86174 194813
4608.80589 00557.86175 194814
4608.80590 00557.86174 194815
4608.80590 00557.86174 194816
4608.80590 00557.86174 194817
4608.80590 00557.86174 194818
4608.80590 00557.86174 194819
4608.80589 00557.86174 194820
4608.80590 00557.86174 194821
4608.80589 00557.86174 194822
4608.80589 00557.86174 194823
4608.80588 00557.86174 194824
4608.80588 00557.86174 194825
4608.80589 00557.86174 194826
4608.80589 00557.86174 194827
4608.80589 00557.86174 194828
4608.80589 00557.86174 194829
4608.80589 00557.86174 194830
4608.80589 00557.86174 194831
4608.80589 00557.86174 194832
4608.80589 00557.86174 194833
4608.80589 00557.86174 194834
4608.80589 00557.86174 194835
4608.80589 00557.86174 194836
4608.80588 00557.86174 194837
4608.80588 00557.86174 194838
4608.80589 00557.86174 194839
4608.80588 00557.86174 194840
4608.80589 00557.86174 194841
4608.80588 00557.86175 194842
4608.80588 00557.86174 194843
4608.80588 00557.86174 194844
4608.80588 00557.86174 194845
4608.80588 00557.86174 194846
4608.80588 00557.86174 194847
4608.80588 00557.86174 194848
4608.80588 00557.86175 194849
4608.80589 00557.86174 194850
4608.80588 00557.86174 194851
4608.80588 00557.86175 194852
4608.80588 00557.86175 194853
4608.80588 00557.86175 194854
4608.80588 00557.86174 194855
4608.80589 00557.86174 194856
4608.80588 00557.86174 194857
4608.80589 00557.86174 194858
4608.80589 00557.86174 194859
4608.80588 00557.86174 194900
4608.80588 00557.86174 194901
4608.80589 00557.86174 194902
4608.80589 00557.86174 194903
4608.80588 00557.86174 194904
4608.80588 00557.86174 194905
4608.80589 00557.86174 194906
4608.80588 00557.86175 194907
4608.80589 00557.86175 194908
4608.80588 00557.86174 194909
4608.80588 00557.86174 194910
4608.80588 00557.86174 194911
4608.80588 00557.86174 194912
4608.80588 00557.86175 194913
4608.80588 00557.86175 194914
4608.80588 00557.86175 194915
4608.80588 00557.86175 194916
4608.80588 00557.86175 194917
4608.80588 00557.86175 194918
4608.80588 00557.86175 194919
4608.80588 00557.86175 194920
4608.80588 00557.86175 194921
4608.80588 00557.86174 194922
4608.80588 00557.86175 194923
4608.80588 00557.86175 194924
4608.80588 00557.86175 194925
4608.80588 00557.86174 194926
4608.80588 00557.86175 194927
4608.80588 00557.86175 194928
4608.80588 00557.86176 194929
4608.80588 00557.86175 194930
4608.80588 00557.86174 194931
4608.80588 00557.86174 194932
4608.80588 00557.86175 194933
4608.80588 00557.86176 194934
4608.80588 00557.86176 194935
4608.80588 00557.86175 194936
4608.80588 00557.86175 194937
4608.80588 00557.86175 194938
4608.80588 00557.86175 194939
4608.80588 00557.86174 194940
4608.80588 00557.86175 194941
4608.80588 00557.86174 194942
4608.80588 00557.86175 194943
4608.80588 00557.86174 194944
4608.80588 00557.86174 194945
4608.80589 00557.86174 194946
4608.80589 00557.86174 194947
4608.80589 00557.86174 194948
4608.80589 00557.86175 194949
4608.80589 00557.86175 194950
4608.80589 00557.86174 194951
4608.80589 00557.86174 194952
4608.80589 00557.86175 194953
4608.80589 00557.86174 194954
4608.80589 00557.86175 194955
4608.80589 00557.86175 194956
4608.80589 00557.86175 194957
4608.80590 00557.86175 194958
4608.80589 00557.86175 194959
4608.80589 00557.86174 195000
4608.80589 00557.86175 195001
4608.80589 00557.86175 195002
4608.80589 00557.86175 195003
4608.80590 00557.86175 195004
4608.80589 00557.86174 195005
4608.80589 00557.86174 195006
4608.80589 00557.86174 195007
4608.80589 00557.86175 195008
4608.80589 00557.86174 195009
4608.80590 00557.86175 195010
4608.80590 00557.86174 195011
4608.80590 00557.86174 195012
4608.80590 00557.86174 195013
4608.80589 00557.86174 195014
4608.80589 00557.86175 195015
4608.80589 00557.86175 195016
4608.80589 00557.86174 195017
4608.80590 00557.86174 195018
4608.80590 00557.86174 195019
4608.80590 00557.86174 195020
4608.80589 00557.86174 195021
4608.80589 00557.86174 195022
4608.80589 00557.86174 195023
4608.80589 00557.86175 195024
4608.80589 00557.86174 195025
4608.80590 00557.86174 195026
4608.80590 00557.86174 195027
4608.80589 00557.86174 195028
4608.80590 00557.86175 195029
4608.80589 00557.86175 195030
4608.80589 00557.86174 195031
4608.80590 00557.86174 195032
4608.80589 00557.86174 195033
4608.80589 00557.86175 195034
4608.80589 00557.86175 195035
4608.80589 00557.86174 195036
4608.80590 00557.86174 195037
4608.80589 00557.86174 195038
4608.80590 00557.86174 195039
4608.80589 00557.86174 195040
4608.80589 00557.86174 195041
4608.80589 00557.86174 195042
4608.80589 00557.86174 195043
4608.80589 00557.86174 195044
4608.80589 00557.86174 195045
4608.80589 00557.86174 195046
4608.80590 00557.86174 195047
4608.80590 00557.86174 195048
4608.80589 00557.86175 195049
4608.80589 00557.86174 195050
4608.80589 00557.86174 195051
4608.80589 00557.86174 195052
4608.80589 00557.86175 195053
4608.80589 00557.86174 195054
4608.80589 00557.86174 195055
4608.80589 00557.86174 195056
4608.80589 00557.86174 195057
4608.80589 00557.86175 195058
4608.80590 00557.86174 195059
4608.80590 00557.86174 195100
4608.80589 00557.86174 195101
4608.80590 00557.86174 195102
4608.80589 00557.86175 195103
4608.80590 00557.86174 195104
4608.80590 00557.86174 195105
4608.80589 00557.86174 195106
4608.80589 00557.86174 195107
4608.80590 00557.86174 195108
4608.80589 00557.86174 195109
4608.80589 00557.86174 195110
4608.80589 00557.86174 195111
4608.80589 00557.86174 195112
4608.80589 00557.86174 195113
4608.80590 00557.86174 195114
4608.80589 00557.86174 195115
4608.80589 00557.86174 195116
4608.80589 00557.86174 195117
4608.80589 00557.86174 195118
4608.80589 00557.86174 195119
4608.80589 00557.86174 195120
4608.80589 00557.86174 195121
4608.80589 00557.86174 195122
4608.80589 00557.86174 195123
4608.80589 00557.86175 195124
4608.80590 00557.86174 195125
4608.80590 00557.86174 195126
4608.80589 00557.86174 195127
4608.80589 00557.86174 195128
4608.80589 00557.86174 195129
4608.80589 00557.86174 195130
4608.80589 00557.86174 195131
4608.80589 00557.86174 195132
4608.80589 00557.86174 195133
4608.80590 00557.86174 195134
4608.80590 00557.86174 195135
4608.80590 00557.86174 195136
4608.80590 00557.86174 195137
4608.80589 00557.86174 195138
4608.80589 00557.86174 195139
4608.80589 00557.86174 195140
4608.80590 00557.86174 195141
4608.80590 00557.86174 195142
4608.80590 00557.86174 195143
4608.80590 00557.86174 195144
4608.80589 00557.86174 195145
4608.80590 00557.86174 195146
4608.80590 00557.86174 195147
4608.80590 00557.86173 195148
4608.80589 00557.86173 195149
4608.80589 00557.86174 195150
4608.80590 00557.86173 195151
4608.80589 00557.86173 195152
4608.80590 00557.86174 195153
4608.80590 00557.86174 195154
4608.80590 00557.86174 195155
4608.80589 00557.86174 195156
4608.80589 00557.86173 195157
4608.80589 00557.86173 195158
4608.80589 00557.86173 195159
4608.80589 00557.86173 195200
4608.80589 00557.86173 195201
4608.80589 00557.86173 195202
4608.80590 00557.86174 195203
4608.80590 00557.86174 195204
4608.80590 00557.86174 195205
4608.80590 00557.86174 195206
4608.80590 00557.86174 195207
4608.80590 00557.86174 195208
4608.80590 00557.86174 195209
4608.80590 00557.86174 195210
4608.80590 00557.86174 195211
4608.80590 00557.86174 195212
4608.80590 00557.86174 195213
4608.80590 00557.86174 195214
4608.80589 00557.86173 195215
4608.80589 00557.86174 195216
4608.80589 00557.86174 195217
4608.80589 00557.86174 195218
4608.80589 00557.86174 195219
4608.80589 00557.86174 195220
4608.80589 00557.86173 195221
4608.80589 00557.86174 195222
4608.80589 00557.86174 195223
4608.80589 00557.86174 195224
4608.80589 00557.86174 195225
4608.80589 00557.86174 195226
4608.80589 00557.86174 195227
4608.80589 00557.86174 195228
4608.80589 00557.86174 195229
4608.80589 00557.86174 195230
4608.80589 00557.86174 195231
4608.80589 00557.86174 195232
4608.80589 00557.86174 195233
4608.80589 00557.86174 195234
4608.80589 00557.86174 195235
4608.80589 00557.86174 195236
4608.80589 00557.86175 195237
4608.80589 00557.86175 195238
4608.80589 00557.86174 195239
4608.80589 00557.86174 195240
4608.80589 00557.86174 195241
4608.80588 00557.86174 195242
4608.80589 00557.86174 195243
4608.80589 00557.86174 195244
4608.80588 00557.86174 195245
4608.80589 00557.86174 195246
4608.80588 00557.86174 195247
4608.80589 00557.86174 195248
4608.80588 00557.86174 195249
4608.80589 00557.86174 195250
4608.80588 00557.86174 195251
4608.80589 00557.86174 195252
4608.80589 00557.86174 195253
4608.80589 00557.86174 195254
4608.80589 00557.86174 195255
4608.80589 00557.86174 195256
4608.80589 00557.86174 195257
4608.80589 00557.86174 195258
4608.80589 00557.86174 195259