4608.81038 00557.85807 152000
4608.81038 00557.85807 152001
4608.81038 00557.85807 152002
4608.81038 00557.85807 152003
4608.81038 00557.85807 152004
4608.81038 00557.85807 152005
4608.81038 00557.85807 152006
4608.81038 00557.85807 152007
4608.81038 00557.85807 152008
4608.81038 00557.85806 152009
4608.81038 00557.85807 152010
4608.81038 00557.85807 152011
4608.81038 00557.85807 152012
4608.81038 00557.85807 152013
4608.81038 00557.85807 152014
4608.81038 00557.85807 152015
4608.81038 00557.85807 152016
4608.81038 00557.85806 152017
4608.81038 00557.85806 152018
4608.81038 00557.85807 152019
4608.81038 00557.85807 152020
4608.81038 00557.85807 152021
4608.81038 00557.85807 152022
4608.81038 00557.85806 152023
4608.81038 00557.85807 152024
4608.81038 00557.85807 152025
4608.81038 00557.85807 152026
4608.81038 00557.85807 152027
4608.81038 00557.85807 152028
4608.81038 00557.85807 152029
4608.81038 00557.85806 152030
4608.81038 00557.85807 152031
4608.81038 00557.85806 152032
4608.81037 00557.85806 152033
4608.81037 00557.85807 152034
4608.81037 00557.85807 152035
4608.81038 00557.85807 152036
4608.81038 00557.85807 152037
4608.81037 00557.85808 152038
4608.81037 00557.85808 152039
4608.81037 00557.85808 152040
4608.81037 00557.85808 152041
4608.81037 00557.85808 152042
4608.81037 00557.85808 152043
4608.81037 00557.85808 152044
4608.81037 00557.85808 152045
4608.81037 00557.85808 152046
4608.81037 00557.85808 152047
4608.81037 00557.85808 152048
4608.81037 00557.85808 152049
4608.81037 00557.85808 152050
4608.81037 00557.85808 152051
4608.81037 00557.85808 152052
4608.81037 00557.85808 152053
4608.81037 00557.85808 152054
4608.81037 00557.85808 152055
4608.81037 00557.85808 152056
4608.81037 00557.85808 152057
4608.81037 00557.85808 152058
4608.81037 00557.85808 152059
4608.81037 00557.85808 152100
4608.81037 00557.85808 152101
4608.81037 00557.85808 152102
4608.81037 00557.85808 152103
4608.81037 00557.85808 152104
4608.81037 00557.85808 152105
4608.81037 00557.85808 152106
4608.81037 00557.85808 152107
4608.81037 00557.85808 152108
4608.81037 00557.85808 152109
4608.81037 00557.85808 152110
4608.81037 00557.85808 152111
4608.81037 00557.85808 152112
4608.81037 00557.85808 152113
4608.81037 00557.85808 152114
4608.81037 00557.85808 152115
4608.81037 00557.85808 152116
4608.81037 00557.85808 152117
4608.81037 00557.85808 152118
4608.81037 00557.85808 152119
4608.81037 00557.85808 152120
4608.81037 00557.85808 152121
4608.81037 00557.85807 152122
4608.81037 00557.85808 152123
4608.81037 00557.85808 152124
4608.81037 00557.85808 152125
4608.81037 00557.85807 152126
4608.81037 00557.85808 152127
4608.81037 00557.85808 152128
4608.81037 00557.85808 152129
4608.81037 00557.85808 152130
4608.81037 00557.85808 152131
4608.81037 00557.85807 152132
4608.81038 00557.85807 152133
4608.81038 00557.85808 152134
4608.81037 00557.85807 152135
4608.81038 00557.85807 152136
4608.81037 00557.85807 152137
4608.81037 00557.85807 152138
4608.81037 00557.85807 152139
4608.81037 00557.85808 152140
4608.81037 00557.85807 152141
4608.81038 00557.85808 152142
4608.81038 00557.85808 152143
4608.81038 00557.85808 152144
4608.81038 00557.85808 152145
4608.81038 00557.85808 152146
4608.81037 00557.85809 152147
4608.81037 00557.85809 152148
4608.81037 00557.85809 152149
4608.81037 00557.85809 152150
4608.81037 00557.85809 152151
4608.81037 00557.85808 152152
4608.81037 00557.85809 152153
4608.81037 00557.85809 152154
4608.81037 00557.85809 152155
4608.81037 00557.85808 152156
4608.81037 00557.85809 152157
4608.81037 00557.85809 152158
4608.81037 00557.85809 152159
4608.81037 00557.85809 152200
4608.81037 00557.85809 152201
4608.81037 00557.85809 152202
4608.81037 00557.85809 152203
4608.81038 00557.85809 152204
4608.81038 00557.85809 152205
4608.81037 00557.85809 152206
4608.81037 00557.85808 152207
4608.81037 00557.85808 152208
4608.81037 00557.85808 152209
4608.81037 00557.85808 152210
4608.81037 00557.85808 152211
4608.81037 00557.85809 152212
4608.81037 00557.85809 152213
4608.81037 00557.85809 152214
4608.81037 00557.85808 152215
4608.81037 00557.85808 152216
4608.81037 00557.85809 152217
4608.81037 00557.85809 152218
4608.81037 00557.85809 152219
4608.81037 00557.85809 152220
4608.81037 00557.85808 152221
4608.81037 00557.85809 152222
4608.81037 00557.85809 152223
4608.81037 00557.85809 152224
4608.81037 00557.85809 152225
4608.81037 00557.85809 152226
4608.81037 00557.85809 152227
4608.81037 00557.85809 152228
4608.81037 00557.85808 152229
4608.81037 00557.85809 152230
4608.81037 00557.85809 152231
4608.81037 00557.85809 152232
4608.81037 00557.85809 152233
4608.81037 00557.85809 152234
4608.81037 00557.85809 152235
4608.81037 00557.85809 152236
4608.81037 00557.85809 152237
4608.81037 00557.85808 152238
4608.81037 00557.85808 152239
4608.81037 00557.85808 152240
4608.81037 00557.85809 152241
4608.81037 00557.85809 152242
4608.81037 00557.85808 152243
4608.81037 00557.85809 152244
4608.81037 00557.85809 152245
4608.81037 00557.85808 152246
4608.81037 00557.85809 152247
4608.81037 00557.85809 152248
4608.81037 00557.85809 152249
4608.81037 00557.85809 152250
4608.81037 00557.85809 152251
4608.81037 00557.85809 152252
4608.81037 00557.85809 152253
4608.81037 00557.85809 152254
4608.81037 00557.85809 152255
4608.81038 00557.85808 152256
4608.81037 00557.85808 152257
4608.81037 00557.85808 152258
4608.81037 00557.85808 152259
4608.81037 00557.85808 152300
4608.81037 00557.85808 152301
4608.81037 00557.85808 152302
4608.81037 00557.85808 152303
4608.81037 00557.85808 152304
4608.81037 00557.85808 152305
4608.81037 00557.85808 152306
4608.81037 00557.85808 152307
4608.81037 00557.85808 152308
4608.81037 00557.85808 152309
4608.81037 00557.85808 152310
4608.81037 00557.85808 152311
4608.81037 00557.85808 152312
4608.81037 00557.85808 152313
4608.81037 00557.85808 152314
4608.81037 00557.85808 152315
4608.81037 00557.85808 152316
4608.81037 00557.85808 152317
4608.81037 00557.85808 152318
4608.81037 00557.85808 152319
4608.81037 00557.85808 152320
4608.81037 00557.85808 152321
4608.81037 00557.85808 152322
4608.81037 00557.85808 152323
4608.81037 00557.85808 152324
4608.81037 00557.85808 152325
4608.81037 00557.85808 152326
4608.81037 00557.85808 152327
4608.81037 00557.85808 152328
4608.81037 00557.85808 152329
4608.81037 00557.85808 152330
4608.81037 00557.85808 152331
4608.81037 00557.85808 152332
4608.81037 00557.85808 152333
4608.81038 00557.85808 152334
4608.81038 00557.85808 152335
4608.81038 00557.85808 152336
4608.81037 00557.85808 152337
4608.81037 00557.85808 152338
4608.81037 00557.85808 152339
4608.81037 00557.85808 152340
4608.81038 00557.85809 152341
4608.81038 00557.85809 152342
4608.81038 00557.85809 152343
4608.81038 00557.85808 152344
4608.81037 00557.85808 152345
4608.81038 00557.85808 152346
4608.81038 00557.85809 152347
4608.81038 00557.85809 152348
4608.81038 00557.85809 152349
4608.81038 00557.85809 152350
4608.81038 00557.85808 152351
4608.81038 00557.85809 152352
4608.81038 00557.85809 152353
4608.81038 00557.85809 152354
4608.81038 00557.85809 152355
4608.81038 00557.85809 152356
4608.81038 00557.85808 152357
4608.81038 00557.85808 152358
4608.81038 00557.85809 152359
4608.81038 00557.85809 152400
4608.81038 00557.85809 152401
4608.81038 00557.85809 152402
4608.81038 00557.85808 152403
4608.81038 00557.85809 152404
4608.81038 00557.85809 152405
4608.81038 00557.85808 152406
4608.81038 00557.85808 152407
4608.81038 00557.85809 152408
4608.81038 00557.85808 152409
4608.81037 00557.85808 152410
4608.81038 00557.85808 152411
4608.81038 00557.85808 152412
4608.81038 00557.85809 152413
4608.81038 00557.85809 152414
4608.81037 00557.85808 152415
4608.81037 00557.85808 152416
4608.81038 00557.85808 152417
4608.81037 00557.85808 152418
4608.81037 00557.85808 152419
4608.81037 00557.85808 152420
4608.81037 00557.85808 152421
4608.81037 00557.85808 152422
4608.81037 00557.85808 152423
4608.81037 00557.85808 152424
4608.81037 00557.85808 152425
4608.81037 00557.85808 152426
4608.81037 00557.85808 152427
4608.81037 00557.85808 152428
4608.81037 00557.85808 152429
4608.81037 00557.85808 152430
4608.81037 00557.85808 152431
4608.81037 00557.85808 152432
4608.81037 00557.85808 152433
4608.81037 00557.85808 152434
4608.81037 00557.85808 152435
4608.81037 00557.85808 152436
4608.81037 00557.85808 152437
4608.81037 00557.85808 152438
4608.81037 00557.85808 152439
4608.81037 00557.85808 152440
4608.81037 00557.85808 152441
4608.81037 00557.85808 152442
4608.81037 00557.85808 152443
4608.81037 00557.85808 152444
4608.81037 00557.85808 152445
4608.81037 00557.85808 152446
4608.81037 00557.85808 152447
4608.81037 00557.85808 152448
4608.81037 00557.85808 152449
4608.81037 00557.85808 152450
4608.81037 00557.85808 152451
4608.81037 00557.85808 152452
4608.81037 00557.85808 152453
4608.81037 00557.85808 152454
4608.81037 00557.85808 152455
4608.81037 00557.85808 152456
4608.81037 00557.85808 152457
4608.81037 00557.85808 152458
4608.81037 00557.85808 152459
4608.81037 00557.85808 152500
4608.81037 00557.85808 152501
4608.81037 00557.85808 152502
4608.81037 00557.85808 152503
4608.81037 00557.85808 152504
4608.81037 00557.85808 152505
4608.81037 00557.85808 152506
4608.81037 00557.85808 152507
4608.81037 00557.85808 152508
4608.81037 00557.85808 152509
4608.81037 00557.85808 152510
4608.81037 00557.85808 152511
4608.81037 00557.85808 152512
4608.81037 00557.85808 152513
4608.81037 00557.85808 152514
4608.81037 00557.85808 152515
4608.81037 00557.85808 152516
4608.81037 00557.85808 152517
4608.81037 00557.85808 152518
4608.81037 00557.85808 152519
4608.81037 00557.85808 152520
4608.81037 00557.85808 152521
4608.81037 00557.85808 152522
4608.81037 00557.85808 152523
4608.81037 00557.85808 152524
4608.81037 00557.85808 152525
4608.81037 00557.85808 152526
4608.81037 00557.85806 152527
4608.81037 00557.85807 152528
4608.81037 00557.85808 152529
4608.81037 00557.85808 152530
4608.81037 00557.85808 152531
4608.81037 00557.85808 152532
4608.81037 00557.85808 152533
4608.81037 00557.85808 152534
4608.81037 00557.85808 152535
4608.81037 00557.85808 152536
4608.81037 00557.85808 152537
4608.81037 00557.85808 152538
4608.81037 00557.85808 152539
4608.81037 00557.85808 152540
4608.81037 00557.85808 152541
4608.81037 00557.85808 152542
4608.81037 00557.85808 152543
4608.81037 00557.85808 152544
4608.81037 00557.85808 152545
4608.81037 00557.85808 152546
4608.81037 00557.85808 152547
4608.81037 00557.85808 152548
4608.81037 00557.85808 152549
4608.81037 00557.85808 152550
4608.81037 00557.85808 152551
4608.81037 00557.85808 152552
4608.81037 00557.85808 152553
4608.81037 00557.85808 152554
4608.81037 00557.85808 152555
4608.81037 00557.85808 152556
4608.81037 00557.85808 152557
4608.81037 00557.85808 152558
4608.81037 00557.85808 152559
4608.81037 00557.85808 152600
4608.81037 00557.85808 152601
4608.81037 00557.85808 152602
4608.81037 00557.85808 152603
4608.81037 00557.85808 152604
4608.81037 00557.85808 152605
4608.81037 00557.85807 152606
4608.81037 00557.85808 152607
4608.81037 00557.85808 152608
4608.81037 00557.85808 152609
4608.81037 00557.85808 152610
4608.81037 00557.85808 152611
4608.81037 00557.85808 152612
4608.81037 00557.85808 152613
4608.81037 00557.85808 152614
4608.81037 00557.85808 152615
4608.81037 00557.85808 152616
4608.81037 00557.85808 152617
4608.81037 00557.85808 152618
4608.81037 00557.85808 152619
4608.81037 00557.85808 152620
4608.81037 00557.85808 152621
4608.81037 00557.85807 152622
4608.81037 00557.85807 152623
4608.81037 00557.85807 152624
4608.81037 00557.85808 152625
4608.81037 00557.85808 152626
4608.81037 00557.85808 152627
4608.81037 00557.85807 152628
4608.81037 00557.85808 152629
4608.81037 00557.85808 152630
4608.81037 00557.85808 152631
4608.81037 00557.85808 152632
4608.81037 00557.85807 152633
4608.81037 00557.85808 152634
4608.81037 00557.85807 152635
4608.81037 00557.85807 152636
4608.81037 00557.85808 152637
4608.81038 00557.85808 152638
4608.81037 00557.85808 152639
4608.81037 00557.85808 152640
4608.81037 00557.85809 152641
4608.81037 00557.85809 152642
4608.81037 00557.85809 152643
4608.81037 00557.85809 152644
4608.81037 00557.85809 152645
4608.81037 00557.85809 152646
4608.81037 00557.85809 152647
4608.81037 00557.85807 152648
4608.81037 00557.85807 152649
4608.81038 00557.85809 152650
4608.81037 00557.85808 152651
4608.81037 00557.85808 152652
4608.81037 00557.85808 152653
4608.81037 00557.85808 152654
4608.81037 00557.85808 152655
4608.81037 00557.85808 152656
4608.81037 00557.85808 152657
4608.81037 00557.85808 152658
4608.81037 00557.85808 152659
4608.81038 00557.85808 152700
4608.81038 00557.85808 152701
4608.81037 00557.85808 152702
4608.81037 00557.85808 152703
4608.81037 00557.85808 152704
4608.81038 00557.85808 152705
4608.81038 00557.85808 152706
4608.81037 00557.85808 152707
4608.81037 00557.85808 152708
4608.81037 00557.85808 152709
4608.81037 00557.85808 152710
4608.81037 00557.85808 152711
4608.81037 00557.85808 152712
4608.81037 00557.85808 152713
4608.81037 00557.85808 152714
4608.81037 00557.85808 152715
4608.81037 00557.85808 152716
4608.81037 00557.85808 152717
4608.81037 00557.85808 152718
4608.81037 00557.85808 152719
4608.81037 00557.85808 152720
4608.81037 00557.85808 152721
4608.81037 00557.85808 152722
4608.81037 00557.85808 152723
4608.81037 00557.85808 152724
4608.81037 00557.85808 152725
4608.81037 00557.85808 152726
4608.81037 00557.85808 152727
4608.81037 00557.85808 152728
4608.81037 00557.85808 152729
4608.81037 00557.85808 152730
4608.81037 00557.85808 152731
4608.81037 00557.85808 152732
4608.81037 00557.85808 152733
4608.81037 00557.85808 152734
4608.81037 00557.85808 152735
4608.81037 00557.85808 152736
4608.81037 00557.85808 152737
4608.81037 00557.85808 152738
4608.81037 00557.85808 152739
4608.81037 00557.85808 152740
4608.81037 00557.85808 152741
4608.81037 00557.85808 152742
4608.81037 00557.85808 152743
4608.81037 00557.85808 152744
4608.81037 00557.85808 152745
4608.81038 00557.85808 152746
4608.81037 00557.85808 152747
4608.81038 00557.85808 152748
4608.81038 00557.85808 152749
4608.81038 00557.85808 152750
4608.81037 00557.85808 152751
4608.81037 00557.85808 152752
4608.81037 00557.85808 152753
4608.81037 00557.85808 152754
4608.81038 00557.85809 152755
4608.81038 00557.85809 152756
4608.81037 00557.85809 152757
4608.81037 00557.85809 152758
4608.81037 00557.85809 152759
4608.81038 00557.85809 152800
4608.81037 00557.85809 152801
4608.81037 00557.85809 152802
4608.81038 00557.85809 152803
4608.81037 00557.85808 152804
4608.81037 00557.85808 152805
4608.81037 00557.85808 152806
4608.81038 00557.85809 152807
4608.81038 00557.85809 152808
4608.81038 00557.85809 152809
4608.81038 00557.85808 152810
4608.81037 00557.85808 152811
4608.81038 00557.85808 152812
4608.81038 00557.85808 152813
4608.81037 00557.85808 152814
4608.81037 00557.85808 152815
4608.81038 00557.85809 152816
4608.81038 00557.85809 152817
4608.81038 00557.85809 152818
4608.81038 00557.85808 152819
4608.81037 00557.85808 152820
4608.81037 00557.85808 152821
4608.81037 00557.85808 152822
4608.81037 00557.85808 152823
4608.81037 00557.85808 152824
4608.81037 00557.85808 152825
4608.81037 00557.85808 152826
4608.81038 00557.85808 152827
4608.81037 00557.85808 152828
4608.81037 00557.85808 152829
4608.81037 00557.85808 152830
4608.81037 00557.85808 152831
4608.81037 00557.85808 152832
4608.81038 00557.85808 152833
4608.81037 00557.85808 152834
4608.81037 00557.85808 152835
4608.81037 00557.85808 152836
4608.81037 00557.85808 152837
4608.81037 00557.85808 152838
4608.81037 00557.85808 152839
4608.81037 00557.85808 152840
4608.81037 00557.85808 152841
4608.81037 00557.85808 152842
4608.81037 00557.85808 152843
4608.81037 00557.85808 152844
4608.81037 00557.85808 152845
4608.81037 00557.85808 152846
4608.81037 00557.85808 152847
4608.81037 00557.85808 152848
4608.81037 00557.85808 152849
4608.81037 00557.85808 152850
4608.81037 00557.85808 152851
4608.81037 00557.85808 152852
4608.81037 00557.85808 152853
4608.81038 00557.85808 152854
4608.81037 00557.85808 152855
4608.81037 00557.85808 152856
4608.81037 00557.85808 152857
4608.81037 00557.85808 152858
4608.81037 00557.85808 152859
4608.81037 00557.85809 152900
4608.81037 00557.85808 152901
4608.81037 00557.85808 152902
4608.81037 00557.85809 152903
4608.81037 00557.85809 152904
4608.81037 00557.85808 152905
4608.81037 00557.85808 152906
4608.81037 00557.85808 152907
4608.81037 00557.85808 152908
4608.81037 00557.85809 152909
4608.81037 00557.85809 152910
4608.81037 00557.85808 152911
4608.81037 00557.85808 152912
4608.81037 00557.85808 152913
4608.81037 00557.85808 152914
4608.81037 00557.85808 152915
4608.81037 00557.85808 152916
4608.81037 00557.85808 152917
4608.81037 00557.85809 152918
4608.81037 00557.85809 152919
4608.81037 00557.85809 152920
4608.81037 00557.85809 152921
4608.81037 00557.85809 152922
4608.81037 00557.85809 152923
4608.81037 00557.85809 152924
4608.81037 00557.85808 152925
4608.81037 00557.85808 152926
4608.81037 00557.85809 152927
4608.81037 00557.85809 152928
4608.81037 00557.85808 152929
4608.81037 00557.85809 152930
4608.81037 00557.85809 152931
4608.81037 00557.85808 152932
4608.81037 00557.85808 152933
4608.81037 00557.85808 152934
4608.81037 00557.85808 152935
4608.81037 00557.85808 152936
4608.81037 00557.85808 152937
4608.81037 00557.85808 152938
4608.81037 00557.85808 152939
4608.81037 00557.85808 152940
4608.81037 00557.85808 152941
4608.81037 00557.85808 152942
4608.81037 00557.85808 152943
4608.81037 00557.85808 152944
4608.81037 00557.85808 152945
4608.81037 00557.85808 152946
4608.81037 00557.85808 152947
4608.81037 00557.85808 152948
4608.81037 00557.85808 152949
4608.81037 00557.85808 152950
4608.81037 00557.85808 152951
4608.81037 00557.85808 152952
4608.81037 00557.85808 152953
4608.81037 00557.85808 152954
4608.81037 00557.85808 152955
4608.81037 00557.85808 152956
4608.81037 00557.85808 152957
4608.81037 00557.85808 152958
4608.81037 00557.85808 152959
4608.81037 00557.85808 153000
4608.81037 00557.85808 153001
4608.81037 00557.85808 153002
4608.81037 00557.85808 153003
4608.81037 00557.85808 153004
4608.81037 00557.85808 153005
4608.81037 00557.85808 153006
4608.81037 00557.85808 153007
4608.81037 00557.85808 153008
4608.81037 00557.85808 153009
4608.81037 00557.85808 153010
4608.81037 00557.85808 153011
4608.81037 00557.85808 153012
4608.81037 00557.85808 153013
4608.81037 00557.85808 153014
4608.81037 00557.85808 153015
4608.81037 00557.85808 153016
4608.81037 00557.85808 153017
4608.81037 00557.85808 153018
4608.81037 00557.85808 153019
4608.81037 00557.85808 153020
4608.81037 00557.85808 153021
4608.81037 00557.85809 153022
4608.81037 00557.85808 153023
4608.81037 00557.85809 153024
4608.81037 00557.85809 153025
4608.81037 00557.85808 153026
4608.81037 00557.85809 153027
4608.81037 00557.85808 153028
4608.81037 00557.85808 153029
4608.81037 00557.85808 153030
4608.81037 00557.85808 153031
4608.81037 00557.85808 153032
4608.81037 00557.85808 153033
4608.81037 00557.85808 153034
4608.81037 00557.85808 153035
4608.81037 00557.85808 153036
4608.81037 00557.85808 153037
4608.81037 00557.85808 153038
4608.81037 00557.85808 153039
4608.81037 00557.85808 153040
4608.81037 00557.85808 153041
4608.81037 00557.85809 153042
4608.81037 00557.85809 153043
4608.81037 00557.85809 153044
4608.81037 00557.85809 153045
4608.81037 00557.85809 153046
4608.81037 00557.85809 153047
4608.81037 00557.85809 153048
4608.81037 00557.85809 153049
4608.81037 00557.85809 153050
4608.81037 00557.85808 153051
4608.81037 00557.85809 153052
4608.81037 00557.85808 153053
4608.81037 00557.85808 153054
4608.81037 00557.85808 153055
4608.81037 00557.85809 153056
4608.81037 00557.85809 153057
4608.81037 00557.85809 153058
4608.81037 00557.85809 153059
4608.81037 00557.85809 153100
4608.81037 00557.85809 153101
4608.81037 00557.85809 153102
4608.81037 00557.85809 153103
4608.81037 00557.85809 153104
4608.81037 00557.85809 153105
4608.81037 00557.85809 153106
4608.81037 00557.85809 153107
4608.81037 00557.85809 153108
4608.81037 00557.85809 153109
4608.81037 00557.85808 153110
4608.81037 00557.85808 153111
4608.81037 00557.85808 153112
4608.81037 00557.85808 153113
4608.81037 00557.85808 153114
4608.81037 00557.85808 153115
4608.81037 00557.85808 153116
4608.81037 00557.85808 153117
4608.81037 00557.85808 153118
4608.81037 00557.85808 153119
4608.81037 00557.85809 153120
4608.81037 00557.85808 153121
4608.81037 00557.85809 153122
4608.81037 00557.85809 153123
4608.81037 00557.85809 153124
4608.81037 00557.85808 153125
4608.81037 00557.85808 153126
4608.81037 00557.85808 153127
4608.81037 00557.85808 153128
4608.81036 00557.85808 153129
4608.81037 00557.85808 153130
4608.81037 00557.85808 153131
4608.81037 00557.85808 153132
4608.81037 00557.85808 153133
4608.81037 00557.85808 153134
4608.81037 00557.85808 153135
4608.81037 00557.85808 153136
4608.81037 00557.85808 153137
4608.81037 00557.85808 153138
4608.81037 00557.85808 153139
4608.81037 00557.85808 153140
4608.81037 00557.85808 153141
4608.81037 00557.85808 153142
4608.81036 00557.85808 153143
4608.81037 00557.85808 153144
4608.81036 00557.85808 153145
4608.81037 00557.85808 153146
4608.81037 00557.85808 153147
4608.81036 00557.85808 153148
4608.81037 00557.85809 153149
4608.81036 00557.85809 153150
4608.81036 00557.85809 153151
4608.81037 00557.85809 153152
4608.81036 00557.85809 153153
4608.81037 00557.85808 153154
4608.81037 00557.85808 153155
4608.81037 00557.85808 153156
4608.81037 00557.85809 153157
4608.81037 00557.85808 153158
4608.81037 00557.85808 153159
4608.81037 00557.85808 153200
4608.81037 00557.85809 153201
4608.81037 00557.85808 153202
4608.81037 00557.85808 153203
4608.81037 00557.85808 153204
4608.81037 00557.85808 153205
4608.81037 00557.85808 153206
4608.81037 00557.85808 153207
4608.81037 00557.85808 153208
4608.81037 00557.85808 153209
4608.81037 00557.85808 153210
4608.81037 00557.85808 153211
4608.81037 00557.85808 153212
4608.81037 00557.85808 153213
4608.81037 00557.85808 153214
4608.81037 00557.85808 153215
4608.81037 00557.85808 153216
4608.81037 00557.85808 153217
4608.81037 00557.85808 153218
4608.81037 00557.85808 153219
4608.81037 00557.85808 153220
4608.81037 00557.85808 153221
4608.81037 00557.85808 153222
4608.81037 00557.85808 153223
4608.81037 00557.85808 153224
4608.81037 00557.85808 153225
4608.81037 00557.85808 153226
4608.81037 00557.85808 153227
4608.81037 00557.85808 153228
4608.81037 00557.85808 153229
4608.81037 00557.85808 153230
4608.81037 00557.85808 153231
4608.81037 00557.85808 153232
4608.81037 00557.85808 153233
4608.81037 00557.85809 153234
4608.81037 00557.85809 153235
4608.81037 00557.85808 153236
4608.81037 00557.85808 153237
4608.81037 00557.85808 153238
4608.81037 00557.85808 153239
4608.81037 00557.85808 153240
4608.81037 00557.85808 153241
4608.81037 00557.85809 153242
4608.81037 00557.85809 153243
4608.81037 00557.85809 153244
4608.81037 00557.85809 153245
4608.81037 00557.85808 153246
4608.81037 00557.85809 153247
4608.81037 00557.85808 153248
4608.81037 00557.85808 153249
4608.81037 00557.85808 153250
4608.81037 00557.85808 153251
4608.81037 00557.85808 153252
4608.81037 00557.85808 153253
4608.81037 00557.85808 153254
4608.81037 00557.85808 153255
4608.81037 00557.85808 153256
4608.81037 00557.85808 153257
4608.81037 00557.85808 153258
4608.81037 00557.85808 153259
4608.81037 00557.85808 153300
4608.81037 00557.85808 153301
4608.81037 00557.85808 153302
4608.81037 00557.85808 153303
4608.81037 00557.85808 153304
4608.81037 00557.85808 153305
4608.81037 00557.85808 153306
4608.81037 00557.85808 153307
4608.81037 00557.85808 153308
4608.81037 00557.85808 153309
4608.81037 00557.85808 153310
4608.81037 00557.85808 153311
4608.81037 00557.85808 153312
4608.81037 00557.85808 153313
4608.81037 00557.85808 153314
4608.81037 00557.85808 153315
4608.81037 00557.85807 153316
4608.81037 00557.85808 153317
4608.81037 00557.85807 153318
4608.81037 00557.85806 153319
4608.81037 00557.85806 153320
4608.81037 00557.85806 153321
4608.81037 00557.85806 153322
4608.81037 00557.85807 153323
4608.81037 00557.85807 153324
4608.81037 00557.85807 153325
4608.81037 00557.85808 153326
4608.81037 00557.85806 153327
4608.81037 00557.85806 153328
4608.81037 00557.85806 153329
4608.81037 00557.85807 153330
4608.81037 00557.85807 153331
4608.81037 00557.85806 153332
4608.81037 00557.85807 153333
4608.81037 00557.85807 153334
4608.81037 00557.85806 153335
4608.81037 00557.85806 153336
4608.81037 00557.85806 153337
4608.81037 00557.85806 153338
4608.81037 00557.85806 153339
4608.81037 00557.85806 153340
4608.81037 00557.85807 153341
4608.81037 00557.85807 153342
4608.81037 00557.85807 153343
4608.81037 00557.85806 153344
4608.81037 00557.85806 153345
4608.81037 00557.85806 153346
4608.81037 00557.85808 153347
4608.81037 00557.85808 153348
4608.81037 00557.85808 153349
4608.81037 00557.85808 153350
4608.81037 00557.85808 153351
4608.81037 00557.85808 153352
4608.81037 00557.85808 153353
4608.81037 00557.85808 153354
4608.81037 00557.85808 153355
4608.81037 00557.85807 153356
4608.81037 00557.85807 153357
4608.81037 00557.85807 153358
4608.81037 00557.85807 153359
4608.81037 00557.85807 153400
4608.81037 00557.85807 153401
4608.81037 00557.85807 153402
4608.81037 00557.85807 153403
4608.81037 00557.85806 153404
4608.81037 00557.85807 153405
4608.81037 00557.85808 153406
4608.81037 00557.85809 153407
4608.81037 00557.85808 153408
4608.81037 00557.85808 153409
4608.81037 00557.85808 153410
4608.81037 00557.85808 153411
4608.81037 00557.85808 153412
4608.81037 00557.85808 153413
4608.81037 00557.85809 153414
4608.81037 00557.85808 153415
4608.81037 00557.85808 153416
4608.81037 00557.85808 153417
4608.81037 00557.85808 153418
4608.81037 00557.85808 153419
4608.81037 00557.85808 153420
4608.81037 00557.85808 153421
4608.81037 00557.85808 153422
4608.81037 00557.85808 153423
4608.81037 00557.85808 153424
4608.81037 00557.85808 153425
4608.81037 00557.85808 153426
4608.81037 00557.85808 153427
4608.81037 00557.85808 153428
4608.81037 00557.85808 153429
4608.81037 00557.85808 153430
4608.81037 00557.85808 153431
4608.81037 00557.85808 153432
4608.81037 00557.85808 153433
4608.81037 00557.85808 153434
4608.81037 00557.85808 153435
4608.81037 00557.85808 153436
4608.81037 00557.85808 153437
4608.81037 00557.85808 153438
4608.81037 00557.85808 153439
4608.81037 00557.85808 153440
4608.81037 00557.85808 153441
4608.81037 00557.85808 153442
4608.81037 00557.85808 153443
4608.81037 00557.85808 153444
4608.81037 00557.85808 153445
4608.81037 00557.85808 153446
4608.81037 00557.85807 153447
4608.81037 00557.85808 153448
4608.81037 00557.85808 153449
4608.81037 00557.85808 153450
4608.81037 00557.85807 153451
4608.81037 00557.85807 153452
4608.81037 00557.85808 153453
4608.81037 00557.85807 153454
4608.81037 00557.85808 153455
4608.81037 00557.85808 153456
4608.81037 00557.85807 153457
4608.81037 00557.85807 153458
4608.81037 00557.85807 153459
4608.81037 00557.85808 153500
4608.81037 00557.85808 153501
4608.81037 00557.85807 153502
4608.81037 00557.85807 153503
4608.81037 00557.85807 153504
4608.81037 00557.85808 153505
4608.81037 00557.85807 153506
4608.81037 00557.85807 153507
4608.81037 00557.85807 153508
4608.81037 00557.85807 153509
4608.81037 00557.85807 153510
4608.81037 00557.85807 153511
4608.81037 00557.85808 153512
4608.81037 00557.85808 153513
4608.81037 00557.85808 153514
4608.81037 00557.85808 153515
4608.81037 00557.85808 153516
4608.81037 00557.85808 153517
4608.81037 00557.85808 153518
4608.81037 00557.85808 153519
4608.81037 00557.85808 153520
4608.81037 00557.85808 153521
4608.81037 00557.85808 153522
4608.81037 00557.85808 153523
4608.81037 00557.85808 153524
4608.81037 00557.85808 153525
4608.81037 00557.85808 153526
4608.81037 00557.85808 153527
4608.81037 00557.85808 153528
4608.81037 00557.85808 153529
4608.81037 00557.85808 153530
4608.81037 00557.85808 153531
4608.81037 00557.85808 153532
4608.81037 00557.85808 153533
4608.81037 00557.85808 153534
4608.81037 00557.85808 153535
4608.81037 00557.85808 153536
4608.81037 00557.85808 153537
4608.81037 00557.85808 153538
4608.81037 00557.85808 153539
4608.81037 00557.85808 153540
4608.81037 00557.85807 153541
4608.81037 00557.85807 153542
4608.81037 00557.85807 153543
4608.81037 00557.85808 153544
4608.81037 00557.85808 153545
4608.81037 00557.85808 153546
4608.81037 00557.85808 153547
4608.81037 00557.85807 153548
4608.81037 00557.85807 153549
4608.81037 00557.85807 153550
4608.81037 00557.85808 153551
4608.81037 00557.85808 153552
4608.81037 00557.85808 153553
4608.81037 00557.85808 153554
4608.81037 00557.85808 153555
4608.81037 00557.85808 153556
4608.81037 00557.85808 153557
4608.81037 00557.85808 153558
4608.81037 00557.85808 153559
4608.81037 00557.85808 153600
4608.81037 00557.85808 153601
4608.81037 00557.85808 153602
4608.81037 00557.85808 153603
4608.81037 00557.85808 153604
4608.81037 00557.85809 153605
4608.81037 00557.85808 153606
4608.81037 00557.85808 153607
4608.81037 00557.85808 153608
4608.81037 00557.85808 153609
4608.81037 00557.85808 153610
4608.81037 00557.85808 153611
4608.81037 00557.85808 153612
4608.81037 00557.85808 153613
4608.81037 00557.85808 153614
4608.81037 00557.85808 153615
4608.81037 00557.85807 153616
4608.81037 00557.85807 153617
4608.81037 00557.85807 153618
4608.81037 00557.85807 153619
4608.81037 00557.85807 153620
4608.81037 00557.85807 153621
4608.81037 00557.85807 153622
4608.81037 00557.85807 153623
4608.81037 00557.85807 153624
4608.81037 00557.85807 153625
4608.81037 00557.85807 153626
4608.81037 00557.85807 153627
4608.81037 00557.85807 153628
4608.81037 00557.85807 153629
4608.81037 00557.85807 153630
4608.81037 00557.85807 153631
4608.81037 00557.85807 153632
4608.81037 00557.85807 153633
4608.81037 00557.85807 153634
4608.81037 00557.85807 153635
4608.81037 00557.85807 153636
4608.81037 00557.85807 153637
4608.81038 00557.85807 153638
4608.81037 00557.85807 153639
4608.81038 00557.85807 153640
4608.81037 00557.85807 153641
4608.81037 00557.85807 153642
4608.81037 00557.85808 153643
4608.81037 00557.85807 153644
4608.81037 00557.85808 153645
4608.81037 00557.85807 153646
4608.81038 00557.85808 153647
4608.81038 00557.85808 153648
4608.81038 00557.85808 153649
4608.81037 00557.85807 153650
4608.81037 00557.85808 153651
4608.81037 00557.85807 153652
4608.81037 00557.85807 153653
4608.81038 00557.85807 153654
4608.81037 00557.85808 153655
4608.81037 00557.85808 153656
4608.81037 00557.85808 153657
4608.81037 00557.85808 153658
4608.81037 00557.85808 153659
4608.81037 00557.85808 153700
4608.81037 00557.85808 153701
4608.81037 00557.85808 153702
4608.81037 00557.85808 153703
4608.81037 00557.85808 153704
4608.81037 00557.85808 153705
4608.81037 00557.85808 153706
4608.81037 00557.85808 153707
4608.81037 00557.85809 153708
4608.81037 00557.85809 153709
4608.81037 00557.85809 153710
4608.81037 00557.85808 153711
4608.81037 00557.85808 153712
4608.81037 00557.85809 153713
4608.81037 00557.85809 153714
4608.81037 00557.85809 153715
4608.81037 00557.85809 153716
4608.81037 00557.85809 153717
4608.81037 00557.85809 153718
4608.81037 00557.85809 153719
4608.81037 00557.85809 153720
4608.81037 00557.85809 153721
4608.81037 00557.85809 153722
4608.81037 00557.85809 153723
4608.81037 00557.85809 153724
4608.81037 00557.85809 153725
4608.81037 00557.85809 153726
4608.81037 00557.85809 153727
4608.81037 00557.85809 153728
4608.81037 00557.85809 153729
4608.81037 00557.85808 153730
4608.81037 00557.85808 153731
4608.81037 00557.85808 153732
4608.81037 00557.85808 153733
4608.81037 00557.85808 153734
4608.81037 00557.85809 153735
4608.81037 00557.85809 153736
4608.81037 00557.85808 153737
4608.81037 00557.85809 153738
4608.81037 00557.85808 153739
4608.81037 00557.85808 153740
4608.81037 00557.85808 153741
4608.81037 00557.85808 153742
4608.81037 00557.85808 153743
4608.81037 00557.85808 153744
4608.81037 00557.85808 153745
4608.81037 00557.85808 153746
4608.81037 00557.85808 153747
4608.81037 00557.85808 153748
4608.81037 00557.85808 153749
4608.81037 00557.85808 153750
4608.81037 00557.85808 153751
4608.81037 00557.85808 153752
4608.81037 00557.85808 153753
4608.81037 00557.85808 153754
4608.81037 00557.85808 153755
4608.81037 00557.85807 153756
4608.81037 00557.85807 153757
4608.81037 00557.85808 153758
4608.81037 00557.85807 153759
4608.81037 00557.85807 153800
4608.81037 00557.85807 153801
4608.81037 00557.85807 153802
4608.81037 00557.85808 153803
4608.81037 00557.85808 153804
4608.81037 00557.85807 153805
4608.81037 00557.85807 153806
4608.81037 00557.85807 153807
4608.81037 00557.85808 153808
4608.81037 00557.85807 153809
4608.81037 00557.85808 153810
4608.81037 00557.85808 153811
4608.81037 00557.85808 153812
4608.81037 00557.85807 153813
4608.81037 00557.85807 153814
4608.81037 00557.85807 153815
4608.81037 00557.85808 153816
4608.81037 00557.85808 153817
4608.81037 00557.85808 153818
4608.81037 00557.85808 153819
4608.81037 00557.85808 153820
4608.81037 00557.85808 153821
4608.81037 00557.85808 153822
4608.81037 00557.85808 153823
4608.81037 00557.85808 153824
4608.81037 00557.85808 153825
4608.81037 00557.85808 153826
4608.81037 00557.85808 153827
4608.81037 00557.85808 153828
4608.81037 00557.85808 153829
4608.81037 00557.85808 153830
4608.81037 00557.85808 153831
4608.81037 00557.85808 153832
4608.81037 00557.85807 153833
4608.81037 00557.85808 153834
4608.81037 00557.85808 153835
4608.81037 00557.85808 153836
4608.81037 00557.85808 153837
4608.81037 00557.85808 153838
4608.81037 00557.85808 153839
4608.81037 00557.85808 153840
4608.81037 00557.85808 153841
4608.81037 00557.85808 153842
4608.81037 00557.85808 153843
4608.81037 00557.85808 153844
4608.81037 00557.85808 153845
4608.81037 00557.85808 153846
4608.81037 00557.85808 153847
4608.81037 00557.85808 153848
4608.81037 00557.85808 153849
4608.81037 00557.85808 153850
4608.81037 00557.85809 153851
4608.81037 00557.85808 153852
4608.81037 00557.85808 153853
4608.81037 00557.85808 153854
4608.81037 00557.85808 153855
4608.81037 00557.85808 153856
4608.81037 00557.85808 153857
4608.81037 00557.85809 153858
4608.81037 00557.85808 153859
4608.81037 00557.85808 153900
4608.81037 00557.85808 153901
4608.81037 00557.85808 153902
4608.81037 00557.85808 153903
4608.81037 00557.85808 153904
4608.81037 00557.85808 153905
4608.81037 00557.85808 153906
4608.81037 00557.85808 153907
4608.81037 00557.85808 153908
4608.81037 00557.85808 153909
4608.81037 00557.85808 153910
4608.81037 00557.85808 153911
4608.81037 00557.85808 153912
4608.81037 00557.85808 153913
4608.81037 00557.85808 153914
4608.81037 00557.85808 153915
4608.81036 00557.85808 153916
4608.81036 00557.85808 153917
4608.81037 00557.85808 153918
4608.81037 00557.85808 153919
4608.81036 00557.85808 153920
4608.81036 00557.85808 153921
4608.81036 00557.85808 153922
4608.81036 00557.85808 153923
4608.81036 00557.85808 153924
4608.81036 00557.85808 153925
4608.81036 00557.85808 153926
4608.81036 00557.85808 153927
4608.81036 00557.85808 153928
4608.81036 00557.85808 153929
4608.81036 00557.85808 153930
4608.81036 00557.85808 153931
4608.81036 00557.85808 153932
4608.81036 00557.85808 153933
4608.81036 00557.85808 153934
4608.81036 00557.85808 153935
4608.81036 00557.85808 153936
4608.81036 00557.85808 153937
4608.81036 00557.85808 153938
4608.81037 00557.85809 153939
4608.81037 00557.85808 153940
4608.81036 00557.85808 153941
4608.81036 00557.85808 153942
4608.81036 00557.85808 153943
4608.81037 00557.85808 153944
4608.81037 00557.85808 153945
4608.81037 00557.85808 153946
4608.81037 00557.85808 153947
4608.81037 00557.85808 153948
4608.81037 00557.85808 153949
4608.81037 00557.85808 153950
4608.81037 00557.85808 153951
4608.81037 00557.85808 153952
4608.81037 00557.85808 153953
4608.81037 00557.85808 153954
4608.81037 00557.85808 153955
4608.81037 00557.85808 153956
4608.81037 00557.85808 153957
4608.81037 00557.85808 153958
4608.81037 00557.85808 153959