4608.81479 00557.85447 120500
4608.81479 00557.85447 120501
4608.81479 00557.85447 120502
4608.81479 00557.85447 120503
4608.81479 00557.85447 120504
4608.81479 00557.85447 120505
4608.81479 00557.85447 120506
4608.81479 00557.85447 120507
4608.81479 00557.85447 120508
4608.81479 00557.85447 120509
4608.81479 00557.85447 120510
4608.81479 00557.85447 120511
4608.81479 00557.85447 120512
4608.81479 00557.85447 120513
4608.81479 00557.85447 120514
4608.81479 00557.85447 120515
4608.81479 00557.85447 120516
4608.81479 00557.85447 120517
4608.81479 00557.85447 120518
4608.81479 00557.85447 120519
4608.81479 00557.85447 120520
4608.81479 00557.85447 120521
4608.81479 00557.85447 120522
4608.81479 00557.85447 120523
4608.81479 00557.85447 120524
4608.81479 00557.85447 120525
4608.81479 00557.85447 120526
4608.81479 00557.85447 120527
4608.81479 00557.85447 120528
4608.81479 00557.85447 120529
4608.81479 00557.85447 120530
4608.81479 00557.85447 120531
4608.81479 00557.85447 120532
4608.81479 00557.85447 120533
4608.81479 00557.85447 120534
4608.81479 00557.85447 120535
4608.81479 00557.85447 120536
4608.81479 00557.85447 120537
4608.81479 00557.85447 120538
4608.81479 00557.85447 120539
4608.81479 00557.85447 120540
4608.81479 00557.85447 120541
4608.81479 00557.85447 120542
4608.81479 00557.85447 120543
4608.81479 00557.85447 120544
4608.81479 00557.85447 120545
4608.81479 00557.85447 120546
4608.81479 00557.85447 120547
4608.81479 00557.85447 120548
4608.81479 00557.85447 120549
4608.81479 00557.85447 120550
4608.81479 00557.85447 120551
4608.81479 00557.85447 120552
4608.81479 00557.85447 120553
4608.81479 00557.85447 120554
4608.81479 00557.85447 120555
4608.81479 00557.85447 120556
4608.81479 00557.85447 120557
4608.81479 00557.85447 120558
4608.81479 00557.85447 120559
4608.81479 00557.85447 120600
4608.81479 00557.85447 120601
4608.81479 00557.85447 120602
4608.81479 00557.85447 120603
4608.81479 00557.85447 120604
4608.81479 00557.85447 120605
4608.81479 00557.85447 120606
4608.81479 00557.85447 120607
4608.81479 00557.85447 120608
4608.81479 00557.85448 120609
4608.81479 00557.85448 120610
4608.81479 00557.85447 120611
4608.81479 00557.85447 120612
4608.81479 00557.85447 120613
4608.81479 00557.85447 120614
4608.81479 00557.85448 120615
4608.81479 00557.85448 120616
4608.81479 00557.85447 120617
4608.81479 00557.85447 120618
4608.81479 00557.85447 120619
4608.81479 00557.85448 120620
4608.81479 00557.85448 120621
4608.81479 00557.85447 120622
4608.81479 00557.85447 120623
4608.81479 00557.85447 120624
4608.81478 00557.85447 120625
4608.81478 00557.85447 120626
4608.81479 00557.85447 120627
4608.81479 00557.85447 120628
4608.81479 00557.85447 120629
4608.81479 00557.85447 120630
4608.81479 00557.85447 120631
4608.81479 00557.85447 120632
4608.81479 00557.85447 120633
4608.81479 00557.85447 120634
4608.81479 00557.85447 120635
4608.81479 00557.85447 120636
4608.81479 00557.85447 120637
4608.81479 00557.85447 120638
4608.81479 00557.85447 120639
4608.81479 00557.85447 120640
4608.81479 00557.85447 120641
4608.81479 00557.85447 120642
4608.81479 00557.85447 120643
4608.81479 00557.85447 120644
4608.81479 00557.85447 120645
4608.81479 00557.85447 120646
4608.81479 00557.85447 120647
4608.81479 00557.85448 120648
4608.81479 00557.85448 120649
4608.81479 00557.85447 120650
4608.81479 00557.85447 120651
4608.81479 00557.85447 120652
4608.81479 00557.85448 120653
4608.81479 00557.85448 120654
4608.81479 00557.85448 120655
4608.81479 00557.85448 120656
4608.81479 00557.85448 120657
4608.81479 00557.85448 120658
4608.81479 00557.85448 120659
4608.81479 00557.85448 120700
4608.81479 00557.85447 120701
4608.81479 00557.85448 120702
4608.81479 00557.85448 120703
4608.81479 00557.85448 120704
4608.81479 00557.85448 120705
4608.81479 00557.85448 120706
4608.81479 00557.85448 120707
4608.81479 00557.85448 120708
4608.81479 00557.85448 120709
4608.81479 00557.85448 120710
4608.81479 00557.85448 120711
4608.81479 00557.85448 120712
4608.81479 00557.85448 120713
4608.81479 00557.85448 120714
4608.81479 00557.85448 120715
4608.81479 00557.85448 120716
4608.81479 00557.85448 120717
4608.81479 00557.85448 120718
4608.81479 00557.85448 120719
4608.81479 00557.85448 120720
4608.81479 00557.85448 120721
4608.81479 00557.85448 120722
4608.81479 00557.85448 120723
4608.81479 00557.85448 120724
4608.81479 00557.85448 120725
4608.81479 00557.85447 120726
4608.81479 00557.85448 120727
4608.81479 00557.85448 120728
4608.81479 00557.85448 120729
4608.81479 00557.85448 120730
4608.81479 00557.85447 120731
4608.81479 00557.85447 120732
4608.81479 00557.85448 120733
4608.81479 00557.85447 120734
4608.81479 00557.85447 120735
4608.81479 00557.85447 120736
4608.81479 00557.85447 120737
4608.81479 00557.85447 120738
4608.81479 00557.85447 120739
4608.81479 00557.85447 120740
4608.81479 00557.85447 120741
4608.81479 00557.85447 120742
4608.81479 00557.85447 120743
4608.81479 00557.85447 120744
4608.81479 00557.85447 120745
4608.81479 00557.85447 120746
4608.81479 00557.85448 120747
4608.81479 00557.85448 120748
4608.81479 00557.85448 120749
4608.81479 00557.85447 120750
4608.81479 00557.85448 120751
4608.81479 00557.85448 120752
4608.81479 00557.85448 120753
4608.81479 00557.85448 120754
4608.81479 00557.85447 120755
4608.81479 00557.85447 120756
4608.81479 00557.85448 120757
4608.81479 00557.85448 120758
4608.81479 00557.85448 120759
4608.81479 00557.85448 120800
4608.81479 00557.85448 120801
4608.81479 00557.85448 120802
4608.81479 00557.85448 120803
4608.81479 00557.85448 120804
4608.81479 00557.85448 120805
4608.81479 00557.85448 120806
4608.81479 00557.85448 120807
4608.81479 00557.85448 120808
4608.81479 00557.85448 120809
4608.81479 00557.85448 120810
4608.81479 00557.85448 120811
4608.81479 00557.85448 120812
4608.81479 00557.85448 120813
4608.81479 00557.85448 120814
4608.81479 00557.85448 120815
4608.81479 00557.85448 120816
4608.81479 00557.85448 120817
4608.81479 00557.85448 120818
4608.81479 00557.85447 120819
4608.81479 00557.85448 120820
4608.81479 00557.85448 120821
4608.81479 00557.85448 120822
4608.81479 00557.85448 120823
4608.81479 00557.85448 120824
4608.81479 00557.85448 120825
4608.81479 00557.85448 120826
4608.81479 00557.85448 120827
4608.81479 00557.85448 120828
4608.81479 00557.85447 120829
4608.81479 00557.85448 120830
4608.81479 00557.85448 120831
4608.81479 00557.85448 120832
4608.81479 00557.85448 120833
4608.81479 00557.85447 120834
4608.81479 00557.85448 120835
4608.81479 00557.85448 120836
4608.81479 00557.85448 120837
4608.81479 00557.85447 120838
4608.81479 00557.85447 120839
4608.81479 00557.85448 120840
4608.81479 00557.85448 120841
4608.81479 00557.85447 120842
4608.81479 00557.85447 120843
4608.81479 00557.85447 120844
4608.81479 00557.85447 120845
4608.81479 00557.85447 120846
4608.81479 00557.85447 120847
4608.81479 00557.85447 120848
4608.81479 00557.85447 120849
4608.81479 00557.85447 120850
4608.81479 00557.85447 120851
4608.81479 00557.85447 120852
4608.81479 00557.85447 120853
4608.81479 00557.85447 120854
4608.81479 00557.85447 120855
4608.81478 00557.85447 120856
4608.81478 00557.85447 120857
4608.81479 00557.85448 120858
4608.81479 00557.85448 120859
4608.81479 00557.85448 120900
4608.81479 00557.85447 120901
4608.81479 00557.85447 120902
4608.81479 00557.85447 120903
4608.81479 00557.85448 120904
4608.81479 00557.85448 120905
4608.81479 00557.85448 120906
4608.81479 00557.85447 120907
4608.81479 00557.85448 120908
4608.81479 00557.85448 120909
4608.81479 00557.85448 120910
4608.81479 00557.85448 120911
4608.81479 00557.85448 120912
4608.81479 00557.85448 120913
4608.81479 00557.85448 120914
4608.81479 00557.85448 120915
4608.81479 00557.85448 120916
4608.81479 00557.85448 120917
4608.81479 00557.85448 120918
4608.81479 00557.85448 120919
4608.81479 00557.85448 120920
4608.81479 00557.85448 120921
4608.81479 00557.85448 120922
4608.81479 00557.85448 120923
4608.81479 00557.85448 120924
4608.81479 00557.85448 120925
4608.81479 00557.85448 120926
4608.81479 00557.85448 120927
4608.81479 00557.85448 120928
4608.81479 00557.85448 120929
4608.81479 00557.85448 120930
4608.81479 00557.85448 120931
4608.81479 00557.85448 120932
4608.81479 00557.85448 120933
4608.81479 00557.85448 120934
4608.81479 00557.85448 120935
4608.81479 00557.85448 120936
4608.81479 00557.85448 120937
4608.81479 00557.85448 120938
4608.81479 00557.85448 120939
4608.81479 00557.85448 120940
4608.81479 00557.85448 120941
4608.81479 00557.85447 120942
4608.81479 00557.85448 120943
4608.81479 00557.85448 120944
4608.81479 00557.85448 120945
4608.81479 00557.85448 120946
4608.81479 00557.85448 120947
4608.81479 00557.85448 120948
4608.81479 00557.85448 120949
4608.81479 00557.85448 120950
4608.81479 00557.85447 120951
4608.81479 00557.85448 120952
4608.81479 00557.85448 120953
4608.81479 00557.85448 120954
4608.81479 00557.85448 120955
4608.81479 00557.85447 120956
4608.81479 00557.85447 120957
4608.81479 00557.85447 120958
4608.81479 00557.85448 120959
4608.81479 00557.85448 121000
4608.81479 00557.85447 121001
4608.81479 00557.85447 121002
4608.81479 00557.85448 121003
4608.81479 00557.85447 121004
4608.81479 00557.85448 121005
4608.81479 00557.85447 121006
4608.81479 00557.85447 121007
4608.81479 00557.85447 121008
4608.81479 00557.85448 121009
4608.81479 00557.85448 121010
4608.81479 00557.85447 121011
4608.81479 00557.85447 121012
4608.81479 00557.85448 121013
4608.81479 00557.85448 121014
4608.81479 00557.85447 121015
4608.81479 00557.85447 121016
4608.81479 00557.85447 121017
4608.81479 00557.85448 121018
4608.81479 00557.85447 121019
4608.81479 00557.85447 121020
4608.81479 00557.85447 121021
4608.81479 00557.85447 121022
4608.81479 00557.85447 121023
4608.81479 00557.85447 121024
4608.81479 00557.85447 121025
4608.81479 00557.85447 121026
4608.81479 00557.85447 121027
4608.81479 00557.85447 121028
4608.81479 00557.85447 121029
4608.81479 00557.85447 121030
4608.81479 00557.85447 121031
4608.81479 00557.85447 121032
4608.81479 00557.85447 121033
4608.81479 00557.85448 121034
4608.81479 00557.85447 121035
4608.81479 00557.85447 121036
4608.81479 00557.85447 121037
4608.81479 00557.85447 121038
4608.81479 00557.85447 121039
4608.81479 00557.85447 121040
4608.81479 00557.85447 121041
4608.81479 00557.85447 121042
4608.81479 00557.85447 121043
4608.81479 00557.85447 121044
4608.81479 00557.85447 121045
4608.81479 00557.85447 121046
4608.81479 00557.85447 121047
4608.81479 00557.85447 121048
4608.81479 00557.85447 121049
4608.81479 00557.85447 121050
4608.81479 00557.85447 121051
4608.81479 00557.85447 121052
4608.81479 00557.85448 121053
4608.81479 00557.85448 121054
4608.81479 00557.85448 121055
4608.81479 00557.85447 121056
4608.81479 00557.85447 121057
4608.81479 00557.85448 121058
4608.81479 00557.85448 121059
4608.81479 00557.85448 121100
4608.81479 00557.85447 121101
4608.81479 00557.85447 121102
4608.81479 00557.85448 121103
4608.81479 00557.85448 121104
4608.81479 00557.85447 121105
4608.81479 00557.85447 121106
4608.81479 00557.85447 121107
4608.81479 00557.85447 121108
4608.81479 00557.85447 121109
4608.81479 00557.85447 121110
4608.81479 00557.85447 121111
4608.81479 00557.85447 121112
4608.81479 00557.85447 121113
4608.81479 00557.85447 121114
4608.81479 00557.85447 121115
4608.81479 00557.85447 121116
4608.81479 00557.85447 121117
4608.81479 00557.85447 121118
4608.81479 00557.85447 121119
4608.81479 00557.85447 121120
4608.81479 00557.85447 121121
4608.81479 00557.85447 121122
4608.81479 00557.85447 121123
4608.81479 00557.85447 121124
4608.81479 00557.85447 121125
4608.81479 00557.85447 121126
4608.81479 00557.85447 121127
4608.81479 00557.85447 121128
4608.81479 00557.85447 121129
4608.81479 00557.85447 121130
4608.81479 00557.85447 121131
4608.81479 00557.85447 121132
4608.81479 00557.85447 121133
4608.81479 00557.85447 121134
4608.81479 00557.85447 121135
4608.81479 00557.85447 121136
4608.81479 00557.85447 121137
4608.81479 00557.85447 121138
4608.81479 00557.85447 121139
4608.81479 00557.85448 121140
4608.81479 00557.85448 121141
4608.81479 00557.85447 121142
4608.81479 00557.85447 121143
4608.81479 00557.85447 121144
4608.81479 00557.85448 121145
4608.81479 00557.85448 121146
4608.81479 00557.85447 121147
4608.81479 00557.85447 121148
4608.81479 00557.85447 121149
4608.81479 00557.85448 121150
4608.81479 00557.85447 121151
4608.81479 00557.85448 121152
4608.81479 00557.85448 121153
4608.81479 00557.85447 121154
4608.81479 00557.85447 121155
4608.81479 00557.85448 121156
4608.81479 00557.85447 121157
4608.81479 00557.85448 121158
4608.81479 00557.85447 121159
4608.81479 00557.85447 121200
4608.81479 00557.85447 121201
4608.81479 00557.85448 121202
4608.81479 00557.85448 121203
4608.81479 00557.85448 121204
4608.81479 00557.85448 121205
4608.81479 00557.85448 121206
4608.81479 00557.85448 121207
4608.81479 00557.85448 121208
4608.81479 00557.85448 121209
4608.81479 00557.85448 121210
4608.81479 00557.85448 121211
4608.81479 00557.85448 121212
4608.81479 00557.85448 121213
4608.81479 00557.85448 121214
4608.81479 00557.85448 121215
4608.81479 00557.85448 121216
4608.81479 00557.85447 121217
4608.81479 00557.85448 121218
4608.81479 00557.85448 121219
4608.81479 00557.85448 121220
4608.81479 00557.85448 121221
4608.81479 00557.85448 121222
4608.81479 00557.85448 121223
4608.81479 00557.85448 121224
4608.81479 00557.85448 121225
4608.81479 00557.85448 121226
4608.81479 00557.85447 121227
4608.81479 00557.85448 121228
4608.81479 00557.85447 121229
4608.81479 00557.85448 121230
4608.81479 00557.85448 121231
4608.81479 00557.85448 121232
4608.81479 00557.85448 121233
4608.81479 00557.85448 121234
4608.81479 00557.85448 121235
4608.81479 00557.85448 121236
4608.81479 00557.85448 121237
4608.81479 00557.85448 121238
4608.81479 00557.85448 121239
4608.81479 00557.85448 121240
4608.81479 00557.85448 121241
4608.81479 00557.85448 121242
4608.81479 00557.85447 121243
4608.81479 00557.85447 121244
4608.81479 00557.85447 121245
4608.81479 00557.85447 121246
4608.81479 00557.85447 121247
4608.81479 00557.85447 121248
4608.81479 00557.85447 121249
4608.81479 00557.85447 121250
4608.81479 00557.85447 121251
4608.81479 00557.85447 121252
4608.81479 00557.85447 121253
4608.81479 00557.85447 121254
4608.81479 00557.85447 121255
4608.81479 00557.85447 121256
4608.81479 00557.85448 121257
4608.81479 00557.85448 121258
4608.81479 00557.85448 121259
4608.81479 00557.85448 121300
4608.81479 00557.85448 121301
4608.81479 00557.85448 121302
4608.81479 00557.85448 121303
4608.81479 00557.85447 121304
4608.81479 00557.85447 121305
4608.81479 00557.85448 121306
4608.81479 00557.85448 121307
4608.81479 00557.85448 121308
4608.81479 00557.85447 121309
4608.81479 00557.85447 121310
4608.81479 00557.85447 121311
4608.81479 00557.85447 121312
4608.81479 00557.85447 121313
4608.81479 00557.85447 121314
4608.81479 00557.85448 121315
4608.81479 00557.85447 121316
4608.81479 00557.85447 121317
4608.81479 00557.85447 121318
4608.81479 00557.85447 121319
4608.81479 00557.85447 121320
4608.81479 00557.85448 121321
4608.81479 00557.85448 121322
4608.81479 00557.85448 121323
4608.81479 00557.85448 121324
4608.81479 00557.85448 121325
4608.81479 00557.85448 121326
4608.81479 00557.85448 121327
4608.81479 00557.85448 121328
4608.81479 00557.85448 121329
4608.81479 00557.85448 121330
4608.81479 00557.85447 121331
4608.81479 00557.85447 121332
4608.81479 00557.85448 121333
4608.81479 00557.85447 121334
4608.81479 00557.85447 121335
4608.81479 00557.85447 121336
4608.81479 00557.85448 121337
4608.81479 00557.85447 121338
4608.81479 00557.85447 121339
4608.81479 00557.85447 121340
4608.81479 00557.85448 121341
4608.81479 00557.85447 121342
4608.81479 00557.85448 121343
4608.81479 00557.85447 121344
4608.81479 00557.85448 121345
4608.81479 00557.85447 121346
4608.81479 00557.85447 121347
4608.81479 00557.85448 121348
4608.81479 00557.85448 121349
4608.81479 00557.85448 121350
4608.81479 00557.85448 121351
4608.81479 00557.85448 121352
4608.81479 00557.85448 121353
4608.81479 00557.85447 121354
4608.81479 00557.85448 121355
4608.81479 00557.85447 121356
4608.81479 00557.85448 121357
4608.81479 00557.85448 121358
4608.81479 00557.85447 121359
4608.81479 00557.85448 121400
4608.81479 00557.85448 121401
4608.81479 00557.85448 121402
4608.81479 00557.85448 121403
4608.81479 00557.85448 121404
4608.81479 00557.85448 121405
4608.81479 00557.85447 121406
4608.81479 00557.85447 121407
4608.81479 00557.85448 121408
4608.81479 00557.85448 121409
4608.81479 00557.85448 121410
4608.81479 00557.85448 121411
4608.81479 00557.85447 121412
4608.81479 00557.85447 121413
4608.81479 00557.85447 121414
4608.81479 00557.85448 121415
4608.81479 00557.85448 121416
4608.81479 00557.85448 121417
4608.81479 00557.85448 121418
4608.81479 00557.85448 121419
4608.81479 00557.85447 121420
4608.81479 00557.85448 121421
4608.81479 00557.85447 121422
4608.81479 00557.85447 121423
4608.81479 00557.85447 121424
4608.81479 00557.85447 121425
4608.81479 00557.85447 121426
4608.81479 00557.85447 121427
4608.81479 00557.85447 121428
4608.81479 00557.85447 121429
4608.81479 00557.85448 121430
4608.81479 00557.85448 121431
4608.81479 00557.85447 121432
4608.81479 00557.85447 121433
4608.81479 00557.85447 121434
4608.81479 00557.85447 121435
4608.81479 00557.85447 121436
4608.81479 00557.85447 121437
4608.81479 00557.85447 121438
4608.81479 00557.85447 121439
4608.81479 00557.85447 121440
4608.81479 00557.85447 121441
4608.81479 00557.85448 121442
4608.81479 00557.85448 121443
4608.81479 00557.85447 121444
4608.81479 00557.85447 121445
4608.81479 00557.85448 121446
4608.81479 00557.85448 121447
4608.81479 00557.85448 121448
4608.81479 00557.85448 121449
4608.81479 00557.85447 121450
4608.81479 00557.85447 121451
4608.81479 00557.85448 121452
4608.81479 00557.85448 121453
4608.81479 00557.85448 121454
4608.81479 00557.85448 121455
4608.81479 00557.85448 121456
4608.81479 00557.85448 121457
4608.81479 00557.85448 121458
4608.81479 00557.85448 121459
4608.81479 00557.85448 121500
4608.81479 00557.85448 121501
4608.81479 00557.85448 121502
4608.81479 00557.85448 121503
4608.81479 00557.85448 121504
4608.81479 00557.85447 121505
4608.81479 00557.85447 121506
4608.81479 00557.85447 121507
4608.81479 00557.85448 121508
4608.81479 00557.85448 121509
4608.81479 00557.85447 121510
4608.81479 00557.85447 121511
4608.81479 00557.85447 121512
4608.81479 00557.85447 121513
4608.81479 00557.85448 121514
4608.81479 00557.85448 121515
4608.81479 00557.85447 121516
4608.81479 00557.85447 121517
4608.81479 00557.85447 121518
4608.81479 00557.85447 121519
4608.81479 00557.85448 121520
4608.81479 00557.85448 121521
4608.81479 00557.85448 121522
4608.81479 00557.85448 121523
4608.81479 00557.85448 121524
4608.81479 00557.85448 121525
4608.81479 00557.85447 121526
4608.81479 00557.85448 121527
4608.81479 00557.85447 121528
4608.81479 00557.85448 121529
4608.81479 00557.85447 121530
4608.81479 00557.85448 121531
4608.81479 00557.85447 121532
4608.81479 00557.85447 121533
4608.81479 00557.85447 121534
4608.81479 00557.85448 121535
4608.81479 00557.85448 121536
4608.81479 00557.85447 121537
4608.81479 00557.85447 121538
4608.81479 00557.85447 121539
4608.81479 00557.85447 121540
4608.81479 00557.85447 121541
4608.81479 00557.85447 121542
4608.81479 00557.85447 121543
4608.81479 00557.85447 121544
4608.81479 00557.85448 121545
4608.81479 00557.85447 121546
4608.81479 00557.85447 121547
4608.81479 00557.85447 121548
4608.81479 00557.85447 121549
4608.81479 00557.85447 121550
4608.81479 00557.85447 121551
4608.81479 00557.85447 121552
4608.81479 00557.85447 121553
4608.81479 00557.85447 121554
4608.81479 00557.85447 121555
4608.81479 00557.85447 121556
4608.81479 00557.85447 121557
4608.81479 00557.85447 121558
4608.81479 00557.85447 121559
4608.81479 00557.85447 121600
4608.81479 00557.85447 121601
4608.81479 00557.85447 121602
4608.81479 00557.85447 121603
4608.81479 00557.85447 121604
4608.81479 00557.85447 121605
4608.81479 00557.85447 121606
4608.81479 00557.85447 121607
4608.81479 00557.85447 121608
4608.81479 00557.85447 121609
4608.81479 00557.85447 121610
4608.81479 00557.85447 121611
4608.81479 00557.85447 121612
4608.81479 00557.85447 121613
4608.81479 00557.85447 121614
4608.81479 00557.85447 121615
4608.81479 00557.85447 121616
4608.81479 00557.85447 121617
4608.81479 00557.85447 121618
4608.81479 00557.85447 121619
4608.81479 00557.85447 121620
4608.81479 00557.85447 121621
4608.81479 00557.85447 121622
4608.81479 00557.85447 121623
4608.81479 00557.85447 121624
4608.81479 00557.85447 121625
4608.81479 00557.85447 121626
4608.81479 00557.85447 121627
4608.81479 00557.85447 121628
4608.81479 00557.85447 121629
4608.81479 00557.85447 121630
4608.81479 00557.85447 121631
4608.81479 00557.85447 121632
4608.81479 00557.85447 121633
4608.81479 00557.85447 121634
4608.81479 00557.85447 121635
4608.81479 00557.85447 121636
4608.81479 00557.85447 121637
4608.81479 00557.85447 121638
4608.81479 00557.85447 121639
4608.81479 00557.85447 121640
4608.81479 00557.85447 121641
4608.81479 00557.85447 121642
4608.81479 00557.85447 121643
4608.81479 00557.85447 121644
4608.81479 00557.85447 121645
4608.81479 00557.85447 121646
4608.81479 00557.85447 121647
4608.81479 00557.85447 121648
4608.81479 00557.85447 121649
4608.81479 00557.85447 121650
4608.81479 00557.85447 121651
4608.81479 00557.85447 121652
4608.81479 00557.85447 121653
4608.81479 00557.85447 121654
4608.81479 00557.85447 121655
4608.81479 00557.85447 121656
4608.81479 00557.85447 121657
4608.81479 00557.85447 121658
4608.81479 00557.85446 121659
4608.81479 00557.85446 121700
4608.81479 00557.85447 121701
4608.81479 00557.85447 121702
4608.81479 00557.85447 121703
4608.81479 00557.85446 121704
4608.81479 00557.85446 121705
4608.81479 00557.85447 121706
4608.81479 00557.85447 121707
4608.81479 00557.85447 121708
4608.81479 00557.85447 121709
4608.81479 00557.85446 121710
4608.81479 00557.85447 121711
4608.81479 00557.85447 121712
4608.81479 00557.85447 121713
4608.81479 00557.85447 121714
4608.81479 00557.85446 121715
4608.81479 00557.85447 121716
4608.81479 00557.85447 121717
4608.81479 00557.85447 121718
4608.81479 00557.85447 121719
4608.81479 00557.85447 121720
4608.81479 00557.85447 121721
4608.81479 00557.85447 121722
4608.81479 00557.85447 121723
4608.81479 00557.85447 121724
4608.81479 00557.85447 121725
4608.81479 00557.85447 121726
4608.81479 00557.85447 121727
4608.81479 00557.85447 121728
4608.81479 00557.85447 121729
4608.81479 00557.85447 121730
4608.81479 00557.85447 121731
4608.81479 00557.85447 121732
4608.81479 00557.85447 121733
4608.81479 00557.85447 121734
4608.81479 00557.85447 121735
4608.81479 00557.85447 121736
4608.81479 00557.85447 121737
4608.81479 00557.85447 121738
4608.81479 00557.85447 121739
4608.81479 00557.85447 121740
4608.81479 00557.85447 121741
4608.81479 00557.85447 121742
4608.81479 00557.85447 121743
4608.81479 00557.85447 121744
4608.81479 00557.85447 121745
4608.81479 00557.85447 121746
4608.81479 00557.85447 121747
4608.81479 00557.85447 121748
4608.81479 00557.85447 121749
4608.81479 00557.85447 121750
4608.81479 00557.85446 121751
4608.81479 00557.85447 121752
4608.81479 00557.85447 121753
4608.81478 00557.85447 121754
4608.81479 00557.85446 121755
4608.81479 00557.85447 121756
4608.81479 00557.85446 121757
4608.81479 00557.85447 121758
4608.81478 00557.85447 121759
4608.81478 00557.85447 121800
4608.81478 00557.85447 121801
4608.81479 00557.85447 121802
4608.81479 00557.85447 121803
4608.81479 00557.85447 121804
4608.81479 00557.85447 121805
4608.81478 00557.85447 121806
4608.81479 00557.85447 121807
4608.81479 00557.85447 121808
4608.81479 00557.85447 121809
4608.81479 00557.85447 121810
4608.81479 00557.85447 121811
4608.81479 00557.85447 121812
4608.81479 00557.85447 121813
4608.81479 00557.85447 121814
4608.81479 00557.85447 121815
4608.81479 00557.85447 121816
4608.81479 00557.85447 121817
4608.81479 00557.85447 121818
4608.81479 00557.85447 121819
4608.81479 00557.85447 121820
4608.81479 00557.85447 121821
4608.81479 00557.85447 121822
4608.81479 00557.85447 121823
4608.81479 00557.85447 121824
4608.81479 00557.85447 121825
4608.81479 00557.85447 121826
4608.81479 00557.85447 121827
4608.81479 00557.85447 121828
4608.81479 00557.85448 121829
4608.81479 00557.85447 121830
4608.81479 00557.85447 121831
4608.81479 00557.85447 121832
4608.81479 00557.85447 121833
4608.81479 00557.85448 121834
4608.81479 00557.85448 121835
4608.81479 00557.85448 121836
4608.81479 00557.85448 121837
4608.81479 00557.85448 121838
4608.81479 00557.85448 121839
4608.81479 00557.85448 121840
4608.81478 00557.85448 121841
4608.81478 00557.85448 121842
4608.81478 00557.85448 121843
4608.81478 00557.85448 121844
4608.81478 00557.85448 121845
4608.81478 00557.85448 121846
4608.81478 00557.85448 121847
4608.81479 00557.85448 121848
4608.81479 00557.85448 121849
4608.81478 00557.85448 121850
4608.81479 00557.85448 121851
4608.81479 00557.85448 121852
4608.81479 00557.85448 121853
4608.81479 00557.85448 121854
4608.81479 00557.85447 121855
4608.81479 00557.85447 121856
4608.81479 00557.85448 121857
4608.81479 00557.85447 121858
4608.81479 00557.85448 121859
4608.81479 00557.85448 121900
4608.81479 00557.85447 121901
4608.81479 00557.85447 121902
4608.81479 00557.85447 121903
4608.81479 00557.85448 121904
4608.81479 00557.85448 121905
4608.81479 00557.85448 121906
4608.81479 00557.85448 121907
4608.81479 00557.85448 121908
4608.81479 00557.85448 121909
4608.81479 00557.85448 121910
4608.81479 00557.85448 121911
4608.81479 00557.85448 121912
4608.81479 00557.85448 121913
4608.81479 00557.85448 121914
4608.81479 00557.85448 121915
4608.81479 00557.85448 121916
4608.81479 00557.85448 121917
4608.81479 00557.85448 121918
4608.81479 00557.85448 121919
4608.81479 00557.85448 121920
4608.81479 00557.85448 121921
4608.81479 00557.85448 121922
4608.81479 00557.85448 121923
4608.81479 00557.85448 121924
4608.81479 00557.85448 121925
4608.81479 00557.85448 121926
4608.81479 00557.85448 121927
4608.81479 00557.85448 121928
4608.81479 00557.85448 121929
4608.81479 00557.85448 121930
4608.81479 00557.85448 121931
4608.81479 00557.85448 121932
4608.81479 00557.85448 121933
4608.81479 00557.85448 121934
4608.81479 00557.85448 121935
4608.81479 00557.85448 121936
4608.81479 00557.85448 121937
4608.81479 00557.85448 121938
4608.81479 00557.85448 121939
4608.81479 00557.85448 121940
4608.81479 00557.85448 121941
4608.81479 00557.85448 121942
4608.81479 00557.85448 121943
4608.81479 00557.85448 121944
4608.81479 00557.85448 121945
4608.81479 00557.85448 121946
4608.81479 00557.85448 121947
4608.81479 00557.85448 121948
4608.81479 00557.85448 121949
4608.81479 00557.85448 121950
4608.81479 00557.85448 121951
4608.81479 00557.85448 121952
4608.81479 00557.85448 121953
4608.81479 00557.85448 121954
4608.81479 00557.85448 121955
4608.81479 00557.85448 121956
4608.81479 00557.85448 121957
4608.81479 00557.85448 121958
4608.81479 00557.85448 121959
4608.81479 00557.85448 122000
4608.81479 00557.85448 122001
4608.81479 00557.85448 122002
4608.81479 00557.85448 122003
4608.81479 00557.85447 122004
4608.81479 00557.85447 122005
4608.81479 00557.85447 122006
4608.81479 00557.85447 122007
4608.81479 00557.85447 122008
4608.81479 00557.85447 122009
4608.81479 00557.85447 122010
4608.81479 00557.85447 122011
4608.81479 00557.85447 122012
4608.81479 00557.85447 122013
4608.81479 00557.85447 122014
4608.81479 00557.85447 122015
4608.81479 00557.85447 122016
4608.81479 00557.85447 122017
4608.81479 00557.85447 122018
4608.81479 00557.85447 122019
4608.81479 00557.85447 122020
4608.81479 00557.85447 122021
4608.81479 00557.85447 122022
4608.81479 00557.85447 122023
4608.81479 00557.85447 122024
4608.81479 00557.85447 122025
4608.81479 00557.85447 122026
4608.81479 00557.85447 122027
4608.81479 00557.85447 122028
4608.81479 00557.85447 122029
4608.81479 00557.85447 122030
4608.81479 00557.85447 122031
4608.81479 00557.85447 122032
4608.81479 00557.85447 122033
4608.81479 00557.85447 122034
4608.81479 00557.85447 122035
4608.81479 00557.85447 122036
4608.81479 00557.85447 122037
4608.81479 00557.85447 122038
4608.81479 00557.85448 122039
4608.81479 00557.85448 122040
4608.81479 00557.85447 122041
4608.81479 00557.85447 122042
4608.81479 00557.85447 122043
4608.81479 00557.85448 122044
4608.81479 00557.85448 122045
4608.81479 00557.85447 122046
4608.81479 00557.85448 122047
4608.81479 00557.85448 122048
4608.81479 00557.85448 122049
4608.81479 00557.85448 122050
4608.81479 00557.85448 122051
4608.81479 00557.85448 122052
4608.81479 00557.85448 122053
4608.81479 00557.85448 122054
4608.81479 00557.85448 122055
4608.81479 00557.85448 122056
4608.81479 00557.85448 122057
4608.81479 00557.85448 122058
4608.81479 00557.85448 122059
4608.81479 00557.85448 122100
4608.81479 00557.85448 122101
4608.81479 00557.85448 122102
4608.81479 00557.85448 122103
4608.81479 00557.85448 122104
4608.81479 00557.85448 122105
4608.81479 00557.85448 122106
4608.81479 00557.85448 122107
4608.81479 00557.85448 122108
4608.81479 00557.85448 122109
4608.81479 00557.85448 122110
4608.81479 00557.85448 122111
4608.81479 00557.85448 122112
4608.81479 00557.85448 122113
4608.81479 00557.85448 122114
4608.81479 00557.85448 122115
4608.81479 00557.85448 122116
4608.81479 00557.85448 122117
4608.81479 00557.85448 122118
4608.81479 00557.85448 122119
4608.81479 00557.85448 122120
4608.81479 00557.85448 122121
4608.81479 00557.85448 122122
4608.81479 00557.85448 122123
4608.81479 00557.85448 122124
4608.81479 00557.85448 122125
4608.81479 00557.85448 122126
4608.81479 00557.85448 122127
4608.81479 00557.85448 122128
4608.81479 00557.85448 122129
4608.81479 00557.85448 122130
4608.81479 00557.85448 122131
4608.81479 00557.85448 122132
4608.81479 00557.85448 122133
4608.81479 00557.85448 122134
4608.81479 00557.85448 122135
4608.81479 00557.85448 122136
4608.81479 00557.85448 122137
4608.81479 00557.85448 122138
4608.81479 00557.85448 122139
4608.81479 00557.85448 122140
4608.81479 00557.85448 122141
4608.81479 00557.85447 122142
4608.81479 00557.85448 122143
4608.81479 00557.85448 122144
4608.81479 00557.85448 122145
4608.81479 00557.85448 122146
4608.81479 00557.85448 122147
4608.81479 00557.85448 122148
4608.81479 00557.85448 122149
4608.81479 00557.85448 122150
4608.81479 00557.85448 122151
4608.81479 00557.85448 122152
4608.81479 00557.85448 122153
4608.81479 00557.85448 122154
4608.81479 00557.85448 122155
4608.81479 00557.85448 122156
4608.81479 00557.85448 122157
4608.81479 00557.85448 122158
4608.81479 00557.85448 122159
4608.81479 00557.85448 122200
4608.81479 00557.85448 122201
4608.81479 00557.85448 122202
4608.81479 00557.85448 122203
4608.81479 00557.85448 122204
4608.81479 00557.85448 122205
4608.81479 00557.85448 122206
4608.81479 00557.85448 122207
4608.81479 00557.85448 122208
4608.81479 00557.85448 122209
4608.81479 00557.85448 122210
4608.81479 00557.85448 122211
4608.81479 00557.85448 122212
4608.81479 00557.85448 122213
4608.81479 00557.85448 122214
4608.81479 00557.85448 122215
4608.81479 00557.85448 122216
4608.81479 00557.85448 122217
4608.81479 00557.85448 122218
4608.81479 00557.85448 122219
4608.81479 00557.85448 122220
4608.81479 00557.85448 122221
4608.81479 00557.85448 122222
4608.81479 00557.85447 122223
4608.81479 00557.85447 122224
4608.81479 00557.85447 122225
4608.81479 00557.85448 122226
4608.81479 00557.85447 122227
4608.81479 00557.85448 122228
4608.81479 00557.85448 122229
4608.81479 00557.85448 122230
4608.81479 00557.85447 122231
4608.81479 00557.85447 122232
4608.81479 00557.85448 122233
4608.81479 00557.85448 122234
4608.81479 00557.85448 122235
4608.81479 00557.85448 122236
4608.81479 00557.85448 122237
4608.81479 00557.85448 122238
4608.81479 00557.85448 122239
4608.81479 00557.85448 122240
4608.81479 00557.85448 122241
4608.81479 00557.85448 122242
4608.81479 00557.85448 122243
4608.81479 00557.85448 122244
4608.81479 00557.85448 122245
4608.81479 00557.85448 122246
4608.81479 00557.85448 122247
4608.81479 00557.85448 122248
4608.81479 00557.85448 122249
4608.81479 00557.85448 122250
4608.81479 00557.85448 122251
4608.81479 00557.85448 122252
4608.81479 00557.85448 122253
4608.81479 00557.85448 122254
4608.81479 00557.85447 122255
4608.81479 00557.85448 122256
4608.81479 00557.85448 122257
4608.81479 00557.85448 122258
4608.81479 00557.85448 122259
4608.81479 00557.85448 122300
4608.81479 00557.85448 122301
4608.81479 00557.85447 122302
4608.81479 00557.85447 122303
4608.81479 00557.85447 122304
4608.81479 00557.85448 122305
4608.81479 00557.85448 122306
4608.81479 00557.85448 122307
4608.81479 00557.85448 122308
4608.81479 00557.85448 122309
4608.81479 00557.85448 122310
4608.81479 00557.85448 122311
4608.81479 00557.85448 122312
4608.81479 00557.85448 122313
4608.81479 00557.85448 122314
4608.81479 00557.85448 122315
4608.81479 00557.85448 122316
4608.81479 00557.85448 122317
4608.81479 00557.85448 122318
4608.81479 00557.85448 122319
4608.81479 00557.85448 122320
4608.81479 00557.85448 122321
4608.81479 00557.85448 122322
4608.81479 00557.85448 122323
4608.81479 00557.85448 122324
4608.81479 00557.85448 122325
4608.81479 00557.85448 122326
4608.81479 00557.85448 122327
4608.81479 00557.85448 122328
4608.81479 00557.85448 122329
4608.81479 00557.85448 122330
4608.81479 00557.85448 122331
4608.81479 00557.85448 122332
4608.81479 00557.85448 122333
4608.81479 00557.85448 122334
4608.81479 00557.85448 122335
4608.81479 00557.85448 122336
4608.81479 00557.85448 122337
4608.81479 00557.85448 122338
4608.81479 00557.85448 122339
4608.81479 00557.85448 122340
4608.81479 00557.85448 122341
4608.81479 00557.85448 122342
4608.81479 00557.85448 122343
4608.81479 00557.85448 122344
4608.81479 00557.85448 122345
4608.81479 00557.85448 122346
4608.81479 00557.85448 122347
4608.81479 00557.85448 122348
4608.81479 00557.85447 122349
4608.81479 00557.85448 122350
4608.81479 00557.85447 122351
4608.81479 00557.85447 122352
4608.81479 00557.85447 122353
4608.81479 00557.85448 122354
4608.81479 00557.85448 122355
4608.81479 00557.85448 122356
4608.81479 00557.85448 122357
4608.81479 00557.85447 122358
4608.81479 00557.85447 122359
4608.81479 00557.85448 122400
4608.81479 00557.85447 122401
4608.81479 00557.85447 122402
4608.81479 00557.85447 122403
4608.81479 00557.85447 122404
4608.81479 00557.85448 122405
4608.81479 00557.85448 122406
4608.81479 00557.85447 122407
4608.81479 00557.85447 122408
4608.81479 00557.85448 122409
4608.81479 00557.85448 122410
4608.81479 00557.85447 122411
4608.81479 00557.85447 122412
4608.81479 00557.85447 122413
4608.81479 00557.85448 122414
4608.81479 00557.85447 122415
4608.81479 00557.85447 122416
4608.81479 00557.85448 122417
4608.81479 00557.85448 122418
4608.81479 00557.85447 122419
4608.81479 00557.85447 122420
4608.81479 00557.85448 122421
4608.81479 00557.85448 122422
4608.81479 00557.85447 122423
4608.81479 00557.85448 122424
4608.81479 00557.85447 122425
4608.81479 00557.85447 122426
4608.81479 00557.85447 122427
4608.81479 00557.85447 122428
4608.81479 00557.85448 122429
4608.81479 00557.85447 122430
4608.81479 00557.85448 122431
4608.81479 00557.85448 122432
4608.81479 00557.85447 122433
4608.81479 00557.85448 122434
4608.81479 00557.85448 122435
4608.81479 00557.85448 122436
4608.81479 00557.85448 122437
4608.81479 00557.85448 122438
4608.81479 00557.85448 122439
4608.81479 00557.85448 122440
4608.81479 00557.85448 122441
4608.81479 00557.85448 122442
4608.81479 00557.85448 122443
4608.81479 00557.85448 122444
4608.81479 00557.85448 122445
4608.81479 00557.85448 122446
4608.81479 00557.85448 122447
4608.81479 00557.85448 122448
4608.81479 00557.85448 122449
4608.81479 00557.85448 122450
4608.81479 00557.85448 122451
4608.81479 00557.85448 122452
4608.81479 00557.85448 122453
4608.81479 00557.85448 122454
4608.81479 00557.85448 122455
4608.81479 00557.85448 122456
4608.81479 00557.85448 122457
4608.81479 00557.85448 122458
4608.81479 00557.85448 122459