4608.81432 00557.85485 130400
4608.81432 00557.85485 130401
4608.81432 00557.85485 130402
4608.81432 00557.85485 130403
4608.81432 00557.85485 130404
4608.81432 00557.85485 130405
4608.81432 00557.85485 130406
4608.81432 00557.85485 130407
4608.81432 00557.85485 130408
4608.81432 00557.85485 130409
4608.81432 00557.85485 130410
4608.81432 00557.85485 130411
4608.81433 00557.85486 130412
4608.81433 00557.85486 130413
4608.81433 00557.85486 130414
4608.81432 00557.85485 130415
4608.81432 00557.85485 130416
4608.81432 00557.85485 130417
4608.81432 00557.85485 130418
4608.81432 00557.85485 130419
4608.81432 00557.85485 130420
4608.81432 00557.85485 130421
4608.81432 00557.85485 130422
4608.81432 00557.85485 130423
4608.81432 00557.85485 130424
4608.81432 00557.85485 130425
4608.81432 00557.85485 130426
4608.81432 00557.85485 130427
4608.81432 00557.85485 130428
4608.81432 00557.85485 130429
4608.81432 00557.85485 130430
4608.81432 00557.85485 130431
4608.81432 00557.85485 130432
4608.81432 00557.85485 130433
4608.81432 00557.85485 130434
4608.81432 00557.85485 130435
4608.81433 00557.85485 130436
4608.81433 00557.85485 130437
4608.81433 00557.85485 130438
4608.81432 00557.85485 130439
4608.81433 00557.85485 130440
4608.81433 00557.85485 130441
4608.81433 00557.85485 130442
4608.81433 00557.85486 130443
4608.81433 00557.85486 130444
4608.81433 00557.85486 130445
4608.81433 00557.85486 130446
4608.81433 00557.85486 130447
4608.81433 00557.85486 130448
4608.81433 00557.85486 130449
4608.81433 00557.85485 130450
4608.81433 00557.85485 130451
4608.81433 00557.85485 130452
4608.81432 00557.85485 130453
4608.81432 00557.85485 130454
4608.81432 00557.85485 130455
4608.81432 00557.85485 130456
4608.81432 00557.85485 130457
4608.81433 00557.85485 130458
4608.81433 00557.85485 130459
4608.81433 00557.85485 130500
4608.81432 00557.85485 130501
4608.81432 00557.85485 130502
4608.81432 00557.85485 130503
4608.81432 00557.85485 130504
4608.81432 00557.85485 130505
4608.81432 00557.85484 130506
4608.81432 00557.85484 130507
4608.81432 00557.85485 130508
4608.81432 00557.85485 130509
4608.81432 00557.85485 130510
4608.81432 00557.85484 130511
4608.81432 00557.85485 130512
4608.81433 00557.85485 130513
4608.81432 00557.85485 130514
4608.81433 00557.85485 130515
4608.81433 00557.85485 130516
4608.81433 00557.85485 130517
4608.81433 00557.85485 130518
4608.81432 00557.85485 130519
4608.81433 00557.85485 130520
4608.81433 00557.85485 130521
4608.81433 00557.85485 130522
4608.81433 00557.85485 130523
4608.81433 00557.85485 130524
4608.81432 00557.85485 130525
4608.81432 00557.85485 130526
4608.81433 00557.85485 130527
4608.81433 00557.85485 130528
4608.81432 00557.85485 130529
4608.81432 00557.85485 130530
4608.81432 00557.85485 130531
4608.81432 00557.85485 130532
4608.81433 00557.85485 130533
4608.81432 00557.85485 130534
4608.81432 00557.85485 130535
4608.81432 00557.85486 130536
4608.81432 00557.85486 130537
4608.81432 00557.85485 130538
4608.81432 00557.85485 130539
4608.81432 00557.85485 130540
4608.81432 00557.85486 130541
4608.81432 00557.85485 130542
4608.81432 00557.85485 130543
4608.81432 00557.85485 130544
4608.81432 00557.85485 130545
4608.81432 00557.85485 130546
4608.81432 00557.85485 130547
4608.81432 00557.85485 130548
4608.81432 00557.85485 130549
4608.81432 00557.85485 130550
4608.81432 00557.85485 130551
4608.81432 00557.85485 130552
4608.81432 00557.85485 130553
4608.81432 00557.85485 130554
4608.81432 00557.85485 130555
4608.81432 00557.85485 130556
4608.81432 00557.85485 130557
4608.81432 00557.85485 130558
4608.81432 00557.85485 130559
4608.81432 00557.85485 130600
4608.81432 00557.85485 130601
4608.81432 00557.85485 130602
4608.81432 00557.85485 130603
4608.81432 00557.85485 130604
4608.81432 00557.85485 130605
4608.81432 00557.85485 130606
4608.81432 00557.85485 130607
4608.81432 00557.85485 130608
4608.81432 00557.85485 130609
4608.81432 00557.85485 130610
4608.81432 00557.85485 130611
4608.81432 00557.85485 130612
4608.81432 00557.85485 130613
4608.81432 00557.85485 130614
4608.81432 00557.85485 130615
4608.81432 00557.85485 130616
4608.81432 00557.85485 130617
4608.81432 00557.85485 130618
4608.81432 00557.85485 130619
4608.81432 00557.85485 130620
4608.81432 00557.85485 130621
4608.81432 00557.85485 130622
4608.81432 00557.85485 130623
4608.81432 00557.85485 130624
4608.81432 00557.85485 130625
4608.81432 00557.85485 130626
4608.81432 00557.85485 130627
4608.81432 00557.85485 130628
4608.81432 00557.85485 130629
4608.81432 00557.85485 130630
4608.81432 00557.85485 130631
4608.81432 00557.85485 130632
4608.81432 00557.85485 130633
4608.81432 00557.85486 130634
4608.81432 00557.85486 130635
4608.81432 00557.85486 130636
4608.81432 00557.85486 130637
4608.81432 00557.85486 130638
4608.81432 00557.85486 130639
4608.81432 00557.85486 130640
4608.81432 00557.85486 130641
4608.81432 00557.85486 130642
4608.81432 00557.85486 130643
4608.81432 00557.85486 130644
4608.81432 00557.85486 130645
4608.81432 00557.85486 130646
4608.81433 00557.85486 130647
4608.81433 00557.85486 130648
4608.81433 00557.85486 130649
4608.81433 00557.85486 130650
4608.81432 00557.85486 130651
4608.81433 00557.85486 130652
4608.81433 00557.85486 130653
4608.81433 00557.85486 130654
4608.81433 00557.85486 130655
4608.81433 00557.85486 130656
4608.81433 00557.85486 130657
4608.81433 00557.85486 130658
4608.81433 00557.85486 130659
4608.81433 00557.85486 130700
4608.81433 00557.85486 130701
4608.81433 00557.85486 130702
4608.81433 00557.85486 130703
4608.81433 00557.85486 130704
4608.81433 00557.85486 130705
4608.81433 00557.85486 130706
4608.81432 00557.85486 130707
4608.81433 00557.85486 130708
4608.81433 00557.85486 130709
4608.81433 00557.85486 130710
4608.81433 00557.85486 130711
4608.81433 00557.85486 130712
4608.81432 00557.85486 130713
4608.81432 00557.85486 130714
4608.81433 00557.85486 130715
4608.81433 00557.85486 130716
4608.81433 00557.85486 130717
4608.81433 00557.85486 130718
4608.81433 00557.85486 130719
4608.81432 00557.85486 130720
4608.81432 00557.85486 130721
4608.81432 00557.85486 130722
4608.81433 00557.85486 130723
4608.81433 00557.85486 130724
4608.81432 00557.85486 130725
4608.81432 00557.85486 130726
4608.81433 00557.85486 130727
4608.81433 00557.85486 130728
4608.81433 00557.85486 130729
4608.81433 00557.85486 130730
4608.81433 00557.85486 130731
4608.81433 00557.85486 130732
4608.81433 00557.85486 130733
4608.81433 00557.85486 130734
4608.81433 00557.85486 130735
4608.81433 00557.85486 130736
4608.81433 00557.85486 130737
4608.81433 00557.85486 130738
4608.81433 00557.85486 130739
4608.81433 00557.85486 130740
4608.81433 00557.85486 130741
4608.81433 00557.85486 130742
4608.81433 00557.85486 130743
4608.81433 00557.85486 130744
4608.81433 00557.85485 130745
4608.81433 00557.85485 130746
4608.81433 00557.85485 130747
4608.81433 00557.85485 130748
4608.81433 00557.85486 130749
4608.81432 00557.85485 130750
4608.81432 00557.85485 130751
4608.81433 00557.85485 130752
4608.81433 00557.85486 130753
4608.81433 00557.85485 130754
4608.81433 00557.85485 130755
4608.81433 00557.85486 130756
4608.81433 00557.85486 130757
4608.81432 00557.85485 130758
4608.81432 00557.85486 130759
4608.81432 00557.85485 130800
4608.81433 00557.85485 130801
4608.81433 00557.85485 130802
4608.81432 00557.85486 130803
4608.81433 00557.85486 130804
4608.81432 00557.85486 130805
4608.81433 00557.85486 130806
4608.81432 00557.85486 130807
4608.81432 00557.85485 130808
4608.81432 00557.85486 130809
4608.81433 00557.85486 130810
4608.81433 00557.85486 130811
4608.81433 00557.85486 130812
4608.81432 00557.85486 130813
4608.81432 00557.85486 130814
4608.81432 00557.85486 130815
4608.81432 00557.85486 130816
4608.81433 00557.85485 130817
4608.81432 00557.85486 130818
4608.81433 00557.85486 130819
4608.81433 00557.85486 130820
4608.81432 00557.85486 130821
4608.81432 00557.85486 130822
4608.81432 00557.85486 130823
4608.81433 00557.85486 130824
4608.81433 00557.85486 130825
4608.81433 00557.85486 130826
4608.81433 00557.85486 130827
4608.81433 00557.85486 130828
4608.81433 00557.85486 130829
4608.81433 00557.85486 130830
4608.81433 00557.85486 130831
4608.81433 00557.85486 130832
4608.81433 00557.85486 130833
4608.81433 00557.85486 130834
4608.81433 00557.85486 130835
4608.81433 00557.85486 130836
4608.81433 00557.85486 130837
4608.81432 00557.85486 130838
4608.81433 00557.85486 130839
4608.81432 00557.85486 130840
4608.81433 00557.85486 130841
4608.81432 00557.85486 130842
4608.81432 00557.85485 130843
4608.81432 00557.85485 130844
4608.81432 00557.85486 130845
4608.81432 00557.85486 130846
4608.81432 00557.85486 130847
4608.81432 00557.85486 130848
4608.81432 00557.85485 130849
4608.81432 00557.85485 130850
4608.81432 00557.85485 130851
4608.81432 00557.85485 130852
4608.81432 00557.85486 130853
4608.81432 00557.85486 130854
4608.81433 00557.85486 130855
4608.81432 00557.85486 130856
4608.81432 00557.85486 130857
4608.81433 00557.85486 130858
4608.81433 00557.85485 130859
4608.81432 00557.85486 130900
4608.81432 00557.85486 130901
4608.81432 00557.85485 130902
4608.81432 00557.85485 130903
4608.81432 00557.85485 130904
4608.81432 00557.85486 130905
4608.81432 00557.85485 130906
4608.81432 00557.85485 130907
4608.81432 00557.85485 130908
4608.81432 00557.85485 130909
4608.81432 00557.85485 130910
4608.81433 00557.85486 130911
4608.81433 00557.85486 130912
4608.81433 00557.85486 130913
4608.81433 00557.85486 130914
4608.81433 00557.85486 130915
4608.81433 00557.85486 130916
4608.81433 00557.85486 130917
4608.81433 00557.85486 130918
4608.81433 00557.85486 130919
4608.81433 00557.85486 130920
4608.81433 00557.85486 130921
4608.81433 00557.85486 130922
4608.81433 00557.85486 130923
4608.81433 00557.85486 130924
4608.81433 00557.85486 130925
4608.81433 00557.85486 130926
4608.81433 00557.85486 130927
4608.81433 00557.85486 130928
4608.81433 00557.85486 130929
4608.81433 00557.85486 130930
4608.81433 00557.85486 130931
4608.81433 00557.85485 130932
4608.81433 00557.85486 130933
4608.81433 00557.85486 130934
4608.81433 00557.85486 130935
4608.81433 00557.85486 130936
4608.81433 00557.85486 130937
4608.81433 00557.85486 130938
4608.81433 00557.85486 130939
4608.81433 00557.85486 130940
4608.81433 00557.85486 130941
4608.81433 00557.85486 130942
4608.81433 00557.85486 130943
4608.81433 00557.85486 130944
4608.81433 00557.85486 130945
4608.81433 00557.85486 130946
4608.81433 00557.85486 130947
4608.81433 00557.85486 130948
4608.81433 00557.85486 130949
4608.81433 00557.85486 130950
4608.81433 00557.85486 130951
4608.81433 00557.85486 130952
4608.81433 00557.85486 130953
4608.81433 00557.85486 130954
4608.81432 00557.85485 130955
4608.81432 00557.85485 130956
4608.81432 00557.85485 130957
4608.81432 00557.85485 130958
4608.81432 00557.85485 130959
4608.81432 00557.85485 131000
4608.81432 00557.85485 131001
4608.81432 00557.85485 131002
4608.81432 00557.85485 131003
4608.81432 00557.85485 131004
4608.81432 00557.85486 131005
4608.81432 00557.85485 131006
4608.81432 00557.85485 131007
4608.81432 00557.85485 131008
4608.81432 00557.85485 131009
4608.81433 00557.85486 131010
4608.81433 00557.85486 131011
4608.81433 00557.85485 131012
4608.81433 00557.85486 131013
4608.81433 00557.85486 131014
4608.81433 00557.85486 131015
4608.81433 00557.85485 131016
4608.81433 00557.85485 131017
4608.81433 00557.85485 131018
4608.81433 00557.85485 131019
4608.81433 00557.85485 131020
4608.81433 00557.85485 131021
4608.81433 00557.85485 131022
4608.81433 00557.85485 131023
4608.81433 00557.85486 131024
4608.81433 00557.85485 131025
4608.81433 00557.85485 131026
4608.81433 00557.85485 131027
4608.81433 00557.85485 131028
4608.81433 00557.85486 131029
4608.81433 00557.85485 131030
4608.81433 00557.85485 131031
4608.81433 00557.85485 131032
4608.81433 00557.85485 131033
4608.81433 00557.85485 131034
4608.81433 00557.85485 131035
4608.81433 00557.85485 131036
4608.81433 00557.85485 131037
4608.81433 00557.85485 131038
4608.81433 00557.85485 131039
4608.81433 00557.85485 131040
4608.81433 00557.85485 131041
4608.81432 00557.85485 131042
4608.81432 00557.85485 131043
4608.81432 00557.85485 131044
4608.81432 00557.85485 131045
4608.81433 00557.85485 131046
4608.81432 00557.85485 131047
4608.81432 00557.85485 131048
4608.81432 00557.85485 131049
4608.81432 00557.85485 131050
4608.81432 00557.85485 131051
4608.81432 00557.85485 131052
4608.81433 00557.85485 131053
4608.81432 00557.85485 131054
4608.81433 00557.85485 131055
4608.81433 00557.85485 131056
4608.81432 00557.85485 131057
4608.81433 00557.85485 131058
4608.81433 00557.85485 131059
4608.81432 00557.85485 131100
4608.81432 00557.85485 131101
4608.81432 00557.85485 131102
4608.81432 00557.85485 131103
4608.81432 00557.85485 131104
4608.81432 00557.85485 131105
4608.81432 00557.85485 131106
4608.81432 00557.85485 131107
4608.81432 00557.85485 131108
4608.81432 00557.85485 131109
4608.81432 00557.85485 131110
4608.81433 00557.85485 131111
4608.81433 00557.85485 131112
4608.81433 00557.85485 131113
4608.81433 00557.85485 131114
4608.81433 00557.85485 131115
4608.81433 00557.85485 131116
4608.81433 00557.85485 131117
4608.81432 00557.85485 131118
4608.81432 00557.85485 131119
4608.81432 00557.85485 131120
4608.81432 00557.85485 131121
4608.81433 00557.85485 131122
4608.81432 00557.85485 131123
4608.81432 00557.85485 131124
4608.81432 00557.85485 131125
4608.81433 00557.85485 131126
4608.81433 00557.85485 131127
4608.81432 00557.85485 131128
4608.81432 00557.85485 131129
4608.81432 00557.85485 131130
4608.81432 00557.85485 131131
4608.81432 00557.85485 131132
4608.81433 00557.85485 131133
4608.81433 00557.85485 131134
4608.81433 00557.85485 131135
4608.81432 00557.85485 131136
4608.81432 00557.85485 131137
4608.81432 00557.85485 131138
4608.81432 00557.85485 131139
4608.81432 00557.85485 131140
4608.81432 00557.85485 131141
4608.81432 00557.85485 131142
4608.81433 00557.85485 131143
4608.81432 00557.85485 131144
4608.81432 00557.85485 131145
4608.81432 00557.85485 131146
4608.81432 00557.85485 131147
4608.81433 00557.85485 131148
4608.81433 00557.85485 131149
4608.81432 00557.85485 131150
4608.81432 00557.85485 131151
4608.81432 00557.85486 131152
4608.81432 00557.85485 131153
4608.81432 00557.85485 131154
4608.81432 00557.85485 131155
4608.81432 00557.85485 131156
4608.81432 00557.85485 131157
4608.81432 00557.85485 131158
4608.81432 00557.85485 131159
4608.81432 00557.85485 131200
4608.81432 00557.85485 131201
4608.81432 00557.85485 131202
4608.81432 00557.85485 131203
4608.81432 00557.85485 131204
4608.81432 00557.85485 131205
4608.81432 00557.85485 131206
4608.81432 00557.85485 131207
4608.81432 00557.85485 131208
4608.81432 00557.85485 131209
4608.81432 00557.85485 131210
4608.81432 00557.85486 131211
4608.81432 00557.85485 131212
4608.81432 00557.85485 131213
4608.81432 00557.85485 131214
4608.81432 00557.85485 131215
4608.81433 00557.85486 131216
4608.81432 00557.85486 131217
4608.81433 00557.85485 131218
4608.81433 00557.85486 131219
4608.81433 00557.85485 131220
4608.81433 00557.85486 131221
4608.81433 00557.85486 131222
4608.81433 00557.85485 131223
4608.81433 00557.85485 131224
4608.81433 00557.85486 131225
4608.81433 00557.85486 131226
4608.81433 00557.85486 131227
4608.81433 00557.85486 131228
4608.81433 00557.85485 131229
4608.81433 00557.85485 131230
4608.81433 00557.85486 131231
4608.81433 00557.85486 131232
4608.81433 00557.85486 131233
4608.81433 00557.85485 131234
4608.81433 00557.85485 131235
4608.81433 00557.85485 131236
4608.81433 00557.85486 131237
4608.81433 00557.85486 131238
4608.81433 00557.85485 131239
4608.81433 00557.85485 131240
4608.81433 00557.85485 131241
4608.81433 00557.85486 131242
4608.81433 00557.85486 131243
4608.81433 00557.85485 131244
4608.81433 00557.85485 131245
4608.81433 00557.85485 131246
4608.81433 00557.85485 131247
4608.81432 00557.85485 131248
4608.81432 00557.85485 131249
4608.81432 00557.85485 131250
4608.81432 00557.85485 131251
4608.81432 00557.85485 131252
4608.81432 00557.85485 131253
4608.81432 00557.85485 131254
4608.81432 00557.85485 131255
4608.81432 00557.85485 131256
4608.81432 00557.85485 131257
4608.81432 00557.85485 131258
4608.81432 00557.85485 131259
4608.81433 00557.85485 131300
4608.81432 00557.85485 131301
4608.81432 00557.85485 131302
4608.81432 00557.85485 131303
4608.81432 00557.85485 131304
4608.81432 00557.85485 131305
4608.81432 00557.85485 131306
4608.81432 00557.85485 131307
4608.81432 00557.85485 131308
4608.81432 00557.85485 131309
4608.81432 00557.85485 131310
4608.81432 00557.85485 131311
4608.81432 00557.85485 131312
4608.81432 00557.85485 131313
4608.81432 00557.85485 131314
4608.81432 00557.85485 131315
4608.81432 00557.85485 131316
4608.81432 00557.85485 131317
4608.81432 00557.85485 131318
4608.81432 00557.85485 131319
4608.81432 00557.85485 131320
4608.81432 00557.85485 131321
4608.81432 00557.85485 131322
4608.81432 00557.85485 131323
4608.81433 00557.85485 131324
4608.81432 00557.85485 131325
4608.81432 00557.85485 131326
4608.81432 00557.85485 131327
4608.81433 00557.85485 131328
4608.81433 00557.85485 131329
4608.81432 00557.85485 131330
4608.81432 00557.85485 131331
4608.81433 00557.85485 131332
4608.81433 00557.85485 131333
4608.81433 00557.85485 131334
4608.81433 00557.85485 131335
4608.81433 00557.85485 131336
4608.81433 00557.85485 131337
4608.81433 00557.85485 131338
4608.81432 00557.85485 131339
4608.81432 00557.85485 131340
4608.81433 00557.85485 131341
4608.81433 00557.85485 131342
4608.81433 00557.85485 131343
4608.81433 00557.85486 131344
4608.81433 00557.85486 131345
4608.81433 00557.85486 131346
4608.81433 00557.85486 131347
4608.81433 00557.85486 131348
4608.81433 00557.85486 131349
4608.81433 00557.85486 131350
4608.81433 00557.85486 131351
4608.81433 00557.85486 131352
4608.81433 00557.85486 131353
4608.81433 00557.85486 131354
4608.81433 00557.85486 131355
4608.81433 00557.85486 131356
4608.81433 00557.85485 131357
4608.81433 00557.85485 131358
4608.81433 00557.85485 131359
4608.81432 00557.85485 131400
4608.81432 00557.85485 131401
4608.81432 00557.85485 131402
4608.81432 00557.85485 131403
4608.81432 00557.85485 131404
4608.81432 00557.85485 131405
4608.81432 00557.85485 131406
4608.81432 00557.85485 131407
4608.81433 00557.85485 131408
4608.81433 00557.85485 131409
4608.81433 00557.85485 131410
4608.81433 00557.85485 131411
4608.81433 00557.85485 131412
4608.81432 00557.85485 131413
4608.81433 00557.85485 131414
4608.81433 00557.85485 131415
4608.81433 00557.85485 131416
4608.81432 00557.85485 131417
4608.81432 00557.85485 131418
4608.81432 00557.85485 131419
4608.81432 00557.85485 131420
4608.81433 00557.85485 131421
4608.81432 00557.85485 131422
4608.81432 00557.85485 131423
4608.81432 00557.85485 131424
4608.81432 00557.85485 131425
4608.81432 00557.85485 131426
4608.81432 00557.85485 131427
4608.81433 00557.85485 131428
4608.81432 00557.85485 131429
4608.81432 00557.85485 131430
4608.81433 00557.85485 131431
4608.81432 00557.85485 131432
4608.81433 00557.85485 131433
4608.81433 00557.85485 131434
4608.81433 00557.85485 131435
4608.81433 00557.85485 131436
4608.81433 00557.85485 131437
4608.81433 00557.85485 131438
4608.81432 00557.85485 131439
4608.81432 00557.85485 131440
4608.81433 00557.85485 131441
4608.81433 00557.85485 131442
4608.81433 00557.85485 131443
4608.81433 00557.85485 131444
4608.81433 00557.85485 131445
4608.81433 00557.85485 131446
4608.81433 00557.85485 131447
4608.81433 00557.85485 131448
4608.81433 00557.85485 131449
4608.81433 00557.85485 131450
4608.81433 00557.85485 131451
4608.81433 00557.85485 131452
4608.81433 00557.85485 131453
4608.81433 00557.85485 131454
4608.81433 00557.85485 131455
4608.81433 00557.85485 131456
4608.81433 00557.85485 131457
4608.81433 00557.85485 131458
4608.81433 00557.85485 131459
4608.81433 00557.85485 131500
4608.81433 00557.85485 131501
4608.81433 00557.85485 131502
4608.81433 00557.85485 131503
4608.81433 00557.85485 131504
4608.81433 00557.85485 131505
4608.81433 00557.85485 131506
4608.81433 00557.85485 131507
4608.81433 00557.85485 131508
4608.81433 00557.85486 131509
4608.81433 00557.85486 131510
4608.81433 00557.85485 131511
4608.81433 00557.85485 131512
4608.81433 00557.85486 131513
4608.81433 00557.85486 131514
4608.81433 00557.85486 131515
4608.81433 00557.85486 131516
4608.81433 00557.85486 131517
4608.81433 00557.85486 131518
4608.81433 00557.85486 131519
4608.81433 00557.85486 131520
4608.81433 00557.85486 131521
4608.81433 00557.85486 131522
4608.81433 00557.85486 131523
4608.81433 00557.85486 131524
4608.81433 00557.85486 131525
4608.81433 00557.85485 131526
4608.81433 00557.85486 131527
4608.81433 00557.85486 131528
4608.81433 00557.85486 131529
4608.81432 00557.85486 131530
4608.81432 00557.85486 131531
4608.81433 00557.85485 131532
4608.81432 00557.85485 131533
4608.81432 00557.85486 131534
4608.81432 00557.85486 131535
4608.81432 00557.85486 131536
4608.81432 00557.85486 131537
4608.81433 00557.85486 131538
4608.81432 00557.85486 131539
4608.81433 00557.85485 131540
4608.81432 00557.85486 131541
4608.81432 00557.85486 131542
4608.81432 00557.85486 131543
4608.81432 00557.85486 131544
4608.81432 00557.85486 131545
4608.81433 00557.85486 131546
4608.81432 00557.85486 131547
4608.81432 00557.85486 131548
4608.81433 00557.85486 131549
4608.81433 00557.85485 131550
4608.81433 00557.85485 131551
4608.81432 00557.85485 131552
4608.81432 00557.85486 131553
4608.81432 00557.85486 131554
4608.81432 00557.85486 131555
4608.81433 00557.85485 131556
4608.81433 00557.85485 131557
4608.81433 00557.85486 131558
4608.81432 00557.85485 131559
4608.81432 00557.85485 131600
4608.81432 00557.85486 131601
4608.81432 00557.85486 131602
4608.81432 00557.85486 131603
4608.81432 00557.85485 131604
4608.81433 00557.85485 131605
4608.81432 00557.85485 131606
4608.81433 00557.85486 131607
4608.81433 00557.85486 131608
4608.81433 00557.85486 131609
4608.81433 00557.85485 131610
4608.81433 00557.85485 131611
4608.81433 00557.85485 131612
4608.81433 00557.85486 131613
4608.81432 00557.85485 131614
4608.81432 00557.85485 131615
4608.81433 00557.85485 131616
4608.81433 00557.85486 131617
4608.81433 00557.85486 131618
4608.81432 00557.85486 131619
4608.81432 00557.85485 131620
4608.81433 00557.85485 131621
4608.81433 00557.85486 131622
4608.81433 00557.85486 131623
4608.81432 00557.85486 131624
4608.81432 00557.85486 131625
4608.81433 00557.85486 131626
4608.81433 00557.85486 131627
4608.81433 00557.85486 131628
4608.81432 00557.85486 131629
4608.81432 00557.85486 131630
4608.81433 00557.85486 131631
4608.81433 00557.85486 131632
4608.81433 00557.85486 131633
4608.81433 00557.85486 131634
4608.81432 00557.85486 131635
4608.81432 00557.85486 131636
4608.81432 00557.85486 131637
4608.81433 00557.85486 131638
4608.81433 00557.85486 131639
4608.81433 00557.85486 131640
4608.81432 00557.85486 131641
4608.81433 00557.85486 131642
4608.81432 00557.85486 131643
4608.81432 00557.85486 131644
4608.81432 00557.85485 131645
4608.81433 00557.85485 131646
4608.81432 00557.85486 131647
4608.81432 00557.85485 131648
4608.81432 00557.85486 131649
4608.81432 00557.85486 131650
4608.81432 00557.85485 131651
4608.81433 00557.85485 131652
4608.81432 00557.85485 131653
4608.81432 00557.85485 131654
4608.81432 00557.85486 131655
4608.81432 00557.85485 131656
4608.81432 00557.85485 131657
4608.81433 00557.85485 131658
4608.81432 00557.85485 131659
4608.81433 00557.85485 131700
4608.81432 00557.85485 131701
4608.81432 00557.85485 131702
4608.81432 00557.85485 131703
4608.81432 00557.85485 131704
4608.81433 00557.85485 131705
4608.81433 00557.85485 131706
4608.81432 00557.85485 131707
4608.81432 00557.85485 131708
4608.81432 00557.85485 131709
4608.81432 00557.85485 131710
4608.81432 00557.85485 131711
4608.81433 00557.85485 131712
4608.81432 00557.85485 131713
4608.81432 00557.85485 131714
4608.81432 00557.85485 131715
4608.81432 00557.85485 131716
4608.81432 00557.85485 131717
4608.81433 00557.85485 131718
4608.81433 00557.85485 131719
4608.81433 00557.85485 131720
4608.81432 00557.85485 131721
4608.81432 00557.85485 131722
4608.81432 00557.85485 131723
4608.81433 00557.85485 131724
4608.81433 00557.85485 131725
4608.81433 00557.85485 131726
4608.81433 00557.85485 131727
4608.81432 00557.85485 131728
4608.81432 00557.85485 131729
4608.81432 00557.85485 131730
4608.81432 00557.85485 131731
4608.81432 00557.85485 131732
4608.81432 00557.85485 131733
4608.81432 00557.85485 131734
4608.81432 00557.85485 131735
4608.81432 00557.85485 131736
4608.81432 00557.85485 131737
4608.81432 00557.85485 131738
4608.81432 00557.85485 131739
4608.81432 00557.85485 131740
4608.81432 00557.85485 131741
4608.81432 00557.85485 131742
4608.81432 00557.85485 131743
4608.81432 00557.85485 131744
4608.81432 00557.85485 131745
4608.81432 00557.85485 131746
4608.81432 00557.85485 131747
4608.81432 00557.85485 131748
4608.81432 00557.85485 131749
4608.81432 00557.85485 131750
4608.81432 00557.85485 131751
4608.81432 00557.85485 131752
4608.81432 00557.85485 131753
4608.81432 00557.85485 131754
4608.81432 00557.85485 131755
4608.81432 00557.85485 131756
4608.81432 00557.85485 131757
4608.81432 00557.85485 131758
4608.81432 00557.85485 131759
4608.81432 00557.85485 131800
4608.81432 00557.85485 131801
4608.81432 00557.85485 131802
4608.81432 00557.85485 131803
4608.81432 00557.85485 131804
4608.81432 00557.85485 131805
4608.81432 00557.85485 131806
4608.81432 00557.85485 131807
4608.81432 00557.85485 131808
4608.81432 00557.85485 131809
4608.81432 00557.85485 131810
4608.81432 00557.85485 131811
4608.81432 00557.85485 131812
4608.81432 00557.85485 131813
4608.81432 00557.85485 131814
4608.81432 00557.85485 131815
4608.81432 00557.85485 131816
4608.81432 00557.85485 131817
4608.81432 00557.85485 131818
4608.81432 00557.85485 131819
4608.81432 00557.85485 131820
4608.81432 00557.85485 131821
4608.81432 00557.85485 131822
4608.81432 00557.85485 131823
4608.81432 00557.85484 131824
4608.81432 00557.85485 131825
4608.81432 00557.85485 131826
4608.81432 00557.85485 131827
4608.81432 00557.85485 131828
4608.81432 00557.85485 131829
4608.81432 00557.85485 131830
4608.81432 00557.85484 131831
4608.81432 00557.85484 131832
4608.81432 00557.85484 131833
4608.81432 00557.85484 131834
4608.81432 00557.85484 131835
4608.81432 00557.85485 131836
4608.81432 00557.85485 131837
4608.81432 00557.85484 131838
4608.81432 00557.85484 131839
4608.81432 00557.85484 131840
4608.81432 00557.85485 131841
4608.81432 00557.85484 131842
4608.81432 00557.85484 131843
4608.81432 00557.85484 131844
4608.81432 00557.85484 131845
4608.81432 00557.85485 131846
4608.81432 00557.85484 131847
4608.81432 00557.85484 131848
4608.81432 00557.85484 131849
4608.81432 00557.85484 131850
4608.81432 00557.85484 131851
4608.81432 00557.85484 131852
4608.81432 00557.85484 131853
4608.81432 00557.85484 131854
4608.81432 00557.85484 131855
4608.81432 00557.85484 131856
4608.81432 00557.85484 131857
4608.81432 00557.85484 131858
4608.81432 00557.85484 131859
4608.81432 00557.85484 131900
4608.81432 00557.85484 131901
4608.81432 00557.85484 131902
4608.81432 00557.85484 131903
4608.81432 00557.85484 131904
4608.81432 00557.85484 131905
4608.81432 00557.85484 131906
4608.81432 00557.85484 131907
4608.81432 00557.85484 131908
4608.81432 00557.85484 131909
4608.81432 00557.85484 131910
4608.81432 00557.85484 131911
4608.81432 00557.85484 131912
4608.81432 00557.85484 131913
4608.81432 00557.85484 131914
4608.81432 00557.85484 131915
4608.81432 00557.85484 131916
4608.81432 00557.85484 131917
4608.81432 00557.85485 131918
4608.81432 00557.85485 131919
4608.81432 00557.85485 131920
4608.81432 00557.85485 131921
4608.81432 00557.85485 131922
4608.81432 00557.85485 131923
4608.81432 00557.85485 131924
4608.81432 00557.85485 131925
4608.81432 00557.85485 131926
4608.81432 00557.85485 131927
4608.81432 00557.85485 131928
4608.81432 00557.85485 131929
4608.81432 00557.85485 131930
4608.81432 00557.85485 131931
4608.81432 00557.85485 131932
4608.81432 00557.85485 131933
4608.81432 00557.85485 131934
4608.81432 00557.85485 131935
4608.81432 00557.85485 131936
4608.81432 00557.85485 131937
4608.81432 00557.85485 131938
4608.81432 00557.85484 131939
4608.81432 00557.85484 131940
4608.81432 00557.85484 131941
4608.81432 00557.85485 131942
4608.81432 00557.85485 131943
4608.81432 00557.85485 131944
4608.81432 00557.85485 131945
4608.81432 00557.85485 131946
4608.81432 00557.85485 131947
4608.81432 00557.85485 131948
4608.81432 00557.85485 131949
4608.81432 00557.85484 131950
4608.81432 00557.85485 131951
4608.81432 00557.85485 131952
4608.81432 00557.85485 131953
4608.81432 00557.85484 131954
4608.81432 00557.85484 131955
4608.81432 00557.85485 131956
4608.81432 00557.85485 131957
4608.81432 00557.85485 131958
4608.81432 00557.85485 131959
4608.81432 00557.85485 132000
4608.81432 00557.85485 132001
4608.81432 00557.85485 132002
4608.81432 00557.85485 132003
4608.81432 00557.85485 132004
4608.81432 00557.85485 132005
4608.81432 00557.85485 132006
4608.81432 00557.85485 132007
4608.81432 00557.85485 132008
4608.81432 00557.85485 132009
4608.81432 00557.85485 132010
4608.81432 00557.85485 132011
4608.81432 00557.85485 132012
4608.81432 00557.85485 132013
4608.81432 00557.85485 132014
4608.81432 00557.85485 132015
4608.81432 00557.85485 132016
4608.81432 00557.85485 132017
4608.81432 00557.85485 132018
4608.81432 00557.85485 132019
4608.81432 00557.85485 132020
4608.81432 00557.85485 132021
4608.81432 00557.85485 132022
4608.81432 00557.85485 132023
4608.81432 00557.85485 132024
4608.81432 00557.85485 132025
4608.81432 00557.85485 132026
4608.81432 00557.85485 132027
4608.81432 00557.85485 132028
4608.81432 00557.85485 132029
4608.81432 00557.85485 132030
4608.81432 00557.85485 132031
4608.81432 00557.85485 132032
4608.81432 00557.85485 132033
4608.81432 00557.85485 132034
4608.81432 00557.85485 132035
4608.81432 00557.85485 132036
4608.81432 00557.85485 132037
4608.81432 00557.85485 132038
4608.81432 00557.85485 132039
4608.81432 00557.85485 132040
4608.81432 00557.85485 132041
4608.81432 00557.85485 132042
4608.81432 00557.85485 132043
4608.81432 00557.85485 132044
4608.81432 00557.85485 132045
4608.81432 00557.85485 132046
4608.81432 00557.85485 132047
4608.81432 00557.85485 132048
4608.81432 00557.85485 132049
4608.81433 00557.85485 132050
4608.81433 00557.85485 132051
4608.81432 00557.85485 132052
4608.81432 00557.85484 132053
4608.81432 00557.85485 132054
4608.81432 00557.85485 132055
4608.81433 00557.85485 132056
4608.81433 00557.85485 132057
4608.81433 00557.85485 132058
4608.81432 00557.85485 132059
4608.81433 00557.85485 132100
4608.81433 00557.85485 132101
4608.81433 00557.85484 132102
4608.81433 00557.85484 132103
4608.81433 00557.85484 132104
4608.81433 00557.85484 132105
4608.81433 00557.85485 132106
4608.81432 00557.85485 132107
4608.81432 00557.85485 132108
4608.81433 00557.85484 132109
4608.81433 00557.85484 132110
4608.81433 00557.85484 132111
4608.81433 00557.85484 132112
4608.81433 00557.85484 132113
4608.81433 00557.85484 132114
4608.81432 00557.85485 132115
4608.81432 00557.85485 132116
4608.81432 00557.85485 132117
4608.81432 00557.85484 132118
4608.81432 00557.85484 132119
4608.81432 00557.85484 132120
4608.81433 00557.85485 132121
4608.81432 00557.85485 132122
4608.81432 00557.85485 132123
4608.81432 00557.85485 132124
4608.81432 00557.85485 132125
4608.81432 00557.85485 132126
4608.81432 00557.85485 132127
4608.81432 00557.85485 132128
4608.81432 00557.85485 132129
4608.81432 00557.85485 132130
4608.81432 00557.85485 132131
4608.81432 00557.85485 132132
4608.81432 00557.85485 132133
4608.81432 00557.85485 132134
4608.81432 00557.85485 132135
4608.81432 00557.85485 132136
4608.81432 00557.85485 132137
4608.81432 00557.85485 132138
4608.81432 00557.85485 132139
4608.81432 00557.85485 132140
4608.81432 00557.85485 132141
4608.81432 00557.85485 132142
4608.81432 00557.85485 132143
4608.81432 00557.85485 132144
4608.81432 00557.85485 132145
4608.81432 00557.85485 132146
4608.81432 00557.85485 132147
4608.81432 00557.85485 132148
4608.81432 00557.85485 132149
4608.81432 00557.85485 132150
4608.81432 00557.85485 132151
4608.81432 00557.85485 132152
4608.81432 00557.85485 132153
4608.81432 00557.85485 132154
4608.81432 00557.85485 132155
4608.81432 00557.85485 132156
4608.81432 00557.85485 132157
4608.81432 00557.85485 132158
4608.81432 00557.85485 132159
4608.81432 00557.85485 132200
4608.81432 00557.85485 132201
4608.81432 00557.85485 132202
4608.81432 00557.85485 132203
4608.81432 00557.85485 132204
4608.81432 00557.85485 132205
4608.81432 00557.85485 132206
4608.81432 00557.85485 132207
4608.81432 00557.85485 132208
4608.81432 00557.85485 132209
4608.81432 00557.85485 132210
4608.81432 00557.85485 132211
4608.81432 00557.85485 132212
4608.81432 00557.85485 132213
4608.81432 00557.85485 132214
4608.81432 00557.85485 132215
4608.81432 00557.85485 132216
4608.81432 00557.85485 132217
4608.81432 00557.85485 132218
4608.81432 00557.85485 132219
4608.81432 00557.85485 132220
4608.81432 00557.85485 132221
4608.81432 00557.85485 132222
4608.81432 00557.85485 132223
4608.81432 00557.85485 132224
4608.81432 00557.85485 132225
4608.81432 00557.85485 132226
4608.81432 00557.85485 132227
4608.81432 00557.85485 132228
4608.81432 00557.85485 132229
4608.81432 00557.85485 132230
4608.81432 00557.85484 132231
4608.81432 00557.85484 132232
4608.81432 00557.85485 132233
4608.81432 00557.85485 132234
4608.81432 00557.85485 132235
4608.81432 00557.85485 132236
4608.81432 00557.85485 132237
4608.81432 00557.85485 132238
4608.81432 00557.85485 132239
4608.81432 00557.85485 132240
4608.81432 00557.85485 132241
4608.81432 00557.85485 132242
4608.81432 00557.85485 132243
4608.81432 00557.85485 132244
4608.81432 00557.85485 132245
4608.81432 00557.85485 132246
4608.81432 00557.85485 132247
4608.81432 00557.85485 132248
4608.81432 00557.85485 132249
4608.81432 00557.85485 132250
4608.81432 00557.85485 132251
4608.81432 00557.85485 132252
4608.81432 00557.85485 132253
4608.81432 00557.85485 132254
4608.81432 00557.85485 132255
4608.81432 00557.85485 132256
4608.81432 00557.85485 132257
4608.81432 00557.85485 132258
4608.81432 00557.85485 132259
4608.81432 00557.85485 132300
4608.81432 00557.85485 132301
4608.81432 00557.85485 132302
4608.81432 00557.85485 132303
4608.81432 00557.85485 132304
4608.81432 00557.85485 132305
4608.81432 00557.85485 132306
4608.81432 00557.85485 132307
4608.81432 00557.85485 132308
4608.81432 00557.85485 132309
4608.81432 00557.85485 132310
4608.81432 00557.85485 132311
4608.81432 00557.85485 132312
4608.81432 00557.85485 132313
4608.81432 00557.85485 132314
4608.81432 00557.85485 132315
4608.81432 00557.85485 132316
4608.81432 00557.85485 132317
4608.81432 00557.85485 132318
4608.81432 00557.85485 132319
4608.81432 00557.85485 132320
4608.81432 00557.85485 132321
4608.81432 00557.85485 132322
4608.81432 00557.85485 132323
4608.81432 00557.85485 132324
4608.81432 00557.85485 132325
4608.81432 00557.85485 132326
4608.81432 00557.85485 132327
4608.81432 00557.85485 132328
4608.81432 00557.85485 132329
4608.81432 00557.85485 132330
4608.81432 00557.85485 132331
4608.81432 00557.85485 132332
4608.81432 00557.85485 132333
4608.81432 00557.85485 132334
4608.81432 00557.85485 132335
4608.81432 00557.85485 132336
4608.81432 00557.85485 132337
4608.81432 00557.85485 132338
4608.81432 00557.85485 132339
4608.81432 00557.85485 132340
4608.81432 00557.85485 132341
4608.81432 00557.85485 132342
4608.81432 00557.85485 132343
4608.81432 00557.85485 132344
4608.81432 00557.85484 132345
4608.81432 00557.85485 132346
4608.81432 00557.85485 132347
4608.81432 00557.85485 132348
4608.81432 00557.85484 132349
4608.81432 00557.85484 132350
4608.81432 00557.85484 132351
4608.81432 00557.85485 132352
4608.81432 00557.85485 132353
4608.81432 00557.85485 132354
4608.81432 00557.85485 132355
4608.81432 00557.85485 132356
4608.81432 00557.85485 132357
4608.81432 00557.85484 132358
4608.81432 00557.85484 132359