4608.81292 00557.85602 142600
4608.81291 00557.85602 142601
4608.81292 00557.85602 142602
4608.81292 00557.85602 142603
4608.81292 00557.85602 142604
4608.81292 00557.85602 142605
4608.81292 00557.85602 142606
4608.81292 00557.85602 142607
4608.81291 00557.85602 142608
4608.81291 00557.85602 142609
4608.81291 00557.85602 142610
4608.81292 00557.85602 142611
4608.81292 00557.85602 142612
4608.81291 00557.85602 142613
4608.81291 00557.85602 142614
4608.81292 00557.85602 142615
4608.81292 00557.85602 142616
4608.81292 00557.85602 142617
4608.81292 00557.85602 142618
4608.81292 00557.85602 142619
4608.81292 00557.85602 142620
4608.81292 00557.85602 142621
4608.81292 00557.85602 142622
4608.81292 00557.85602 142623
4608.81292 00557.85602 142624
4608.81292 00557.85602 142625
4608.81292 00557.85602 142626
4608.81292 00557.85602 142627
4608.81292 00557.85602 142628
4608.81292 00557.85602 142629
4608.81292 00557.85602 142630
4608.81292 00557.85602 142631
4608.81292 00557.85602 142632
4608.81292 00557.85602 142633
4608.81292 00557.85602 142634
4608.81292 00557.85602 142635
4608.81292 00557.85602 142636
4608.81292 00557.85602 142637
4608.81292 00557.85602 142638
4608.81292 00557.85602 142639
4608.81292 00557.85602 142640
4608.81292 00557.85602 142641
4608.81292 00557.85602 142642
4608.81292 00557.85602 142643
4608.81292 00557.85602 142644
4608.81292 00557.85603 142645
4608.81292 00557.85603 142646
4608.81292 00557.85602 142647
4608.81292 00557.85602 142648
4608.81292 00557.85602 142649
4608.81292 00557.85602 142650
4608.81292 00557.85602 142651
4608.81292 00557.85602 142652
4608.81292 00557.85602 142653
4608.81292 00557.85602 142654
4608.81292 00557.85602 142655
4608.81292 00557.85602 142656
4608.81292 00557.85602 142657
4608.81292 00557.85602 142658
4608.81292 00557.85602 142659
4608.81292 00557.85603 142700
4608.81292 00557.85602 142701
4608.81292 00557.85602 142702
4608.81292 00557.85602 142703
4608.81292 00557.85603 142704
4608.81292 00557.85603 142705
4608.81292 00557.85602 142706
4608.81292 00557.85602 142707
4608.81292 00557.85602 142708
4608.81292 00557.85602 142709
4608.81292 00557.85602 142710
4608.81292 00557.85602 142711
4608.81292 00557.85603 142712
4608.81292 00557.85603 142713
4608.81292 00557.85602 142714
4608.81292 00557.85602 142715
4608.81292 00557.85602 142716
4608.81292 00557.85603 142717
4608.81292 00557.85603 142718
4608.81292 00557.85602 142719
4608.81292 00557.85602 142720
4608.81292 00557.85602 142721
4608.81292 00557.85602 142722
4608.81292 00557.85602 142723
4608.81292 00557.85602 142724
4608.81292 00557.85602 142725
4608.81292 00557.85602 142726
4608.81292 00557.85602 142727
4608.81292 00557.85602 142728
4608.81292 00557.85602 142729
4608.81292 00557.85602 142730
4608.81292 00557.85602 142731
4608.81292 00557.85602 142732
4608.81292 00557.85602 142733
4608.81292 00557.85602 142734
4608.81292 00557.85602 142735
4608.81292 00557.85602 142736
4608.81292 00557.85602 142737
4608.81292 00557.85602 142738
4608.81292 00557.85603 142739
4608.81292 00557.85603 142740
4608.81292 00557.85602 142741
4608.81292 00557.85602 142742
4608.81292 00557.85602 142743
4608.81292 00557.85602 142744
4608.81292 00557.85602 142745
4608.81292 00557.85602 142746
4608.81292 00557.85602 142747
4608.81292 00557.85602 142748
4608.81292 00557.85602 142749
4608.81292 00557.85602 142750
4608.81292 00557.85602 142751
4608.81292 00557.85602 142752
4608.81292 00557.85602 142753
4608.81292 00557.85602 142754
4608.81292 00557.85602 142755
4608.81292 00557.85602 142756
4608.81292 00557.85602 142757
4608.81292 00557.85602 142758
4608.81292 00557.85602 142759
4608.81292 00557.85602 142800
4608.81292 00557.85602 142801
4608.81292 00557.85602 142802
4608.81292 00557.85602 142803
4608.81292 00557.85602 142804
4608.81292 00557.85602 142805
4608.81292 00557.85602 142806
4608.81292 00557.85602 142807
4608.81292 00557.85602 142808
4608.81292 00557.85602 142809
4608.81292 00557.85602 142810
4608.81292 00557.85602 142811
4608.81292 00557.85602 142812
4608.81292 00557.85602 142813
4608.81292 00557.85602 142814
4608.81292 00557.85602 142815
4608.81292 00557.85602 142816
4608.81292 00557.85602 142817
4608.81292 00557.85602 142818
4608.81292 00557.85602 142819
4608.81292 00557.85602 142820
4608.81292 00557.85602 142821
4608.81292 00557.85602 142822
4608.81292 00557.85602 142823
4608.81292 00557.85602 142824
4608.81292 00557.85602 142825
4608.81292 00557.85602 142826
4608.81292 00557.85602 142827
4608.81292 00557.85602 142828
4608.81292 00557.85602 142829
4608.81292 00557.85602 142830
4608.81292 00557.85602 142831
4608.81292 00557.85602 142832
4608.81292 00557.85602 142833
4608.81292 00557.85602 142834
4608.81292 00557.85602 142835
4608.81292 00557.85602 142836
4608.81292 00557.85602 142837
4608.81292 00557.85602 142838
4608.81292 00557.85602 142839
4608.81292 00557.85603 142840
4608.81292 00557.85602 142841
4608.81292 00557.85602 142842
4608.81292 00557.85602 142843
4608.81292 00557.85602 142844
4608.81292 00557.85602 142845
4608.81291 00557.85602 142846
4608.81291 00557.85602 142847
4608.81292 00557.85602 142848
4608.81292 00557.85602 142849
4608.81292 00557.85602 142850
4608.81291 00557.85602 142851
4608.81291 00557.85602 142852
4608.81291 00557.85602 142853
4608.81292 00557.85602 142854
4608.81292 00557.85602 142855
4608.81292 00557.85602 142856
4608.81291 00557.85602 142857
4608.81292 00557.85602 142858
4608.81292 00557.85602 142859
4608.81292 00557.85603 142900
4608.81292 00557.85602 142901
4608.81291 00557.85602 142902
4608.81291 00557.85602 142903
4608.81292 00557.85602 142904
4608.81292 00557.85602 142905
4608.81292 00557.85602 142906
4608.81292 00557.85602 142907
4608.81292 00557.85602 142908
4608.81292 00557.85603 142909
4608.81292 00557.85602 142910
4608.81292 00557.85602 142911
4608.81292 00557.85602 142912
4608.81291 00557.85602 142913
4608.81292 00557.85602 142914
4608.81292 00557.85602 142915
4608.81292 00557.85602 142916
4608.81292 00557.85602 142917
4608.81291 00557.85602 142918
4608.81292 00557.85602 142919
4608.81292 00557.85602 142920
4608.81292 00557.85602 142921
4608.81292 00557.85603 142922
4608.81292 00557.85603 142923
4608.81291 00557.85603 142924
4608.81292 00557.85603 142925
4608.81292 00557.85603 142926
4608.81292 00557.85602 142927
4608.81292 00557.85603 142928
4608.81292 00557.85603 142929
4608.81292 00557.85603 142930
4608.81292 00557.85603 142931
4608.81292 00557.85603 142932
4608.81291 00557.85603 142933
4608.81291 00557.85603 142934
4608.81292 00557.85603 142935
4608.81292 00557.85603 142936
4608.81292 00557.85603 142937
4608.81292 00557.85602 142938
4608.81291 00557.85602 142939
4608.81292 00557.85602 142940
4608.81292 00557.85602 142941
4608.81292 00557.85602 142942
4608.81292 00557.85602 142943
4608.81292 00557.85602 142944
4608.81292 00557.85602 142945
4608.81292 00557.85602 142946
4608.81292 00557.85602 142947
4608.81292 00557.85602 142948
4608.81292 00557.85602 142949
4608.81292 00557.85602 142950
4608.81292 00557.85602 142951
4608.81292 00557.85602 142952
4608.81292 00557.85602 142953
4608.81292 00557.85602 142954
4608.81292 00557.85602 142955
4608.81292 00557.85602 142956
4608.81292 00557.85602 142957
4608.81292 00557.85602 142958
4608.81292 00557.85602 142959
4608.81292 00557.85602 143000
4608.81292 00557.85603 143001
4608.81292 00557.85602 143002
4608.81292 00557.85602 143003
4608.81292 00557.85602 143004
4608.81292 00557.85602 143005
4608.81292 00557.85602 143006
4608.81292 00557.85603 143007
4608.81292 00557.85603 143008
4608.81292 00557.85603 143009
4608.81292 00557.85602 143010
4608.81292 00557.85603 143011
4608.81292 00557.85603 143012
4608.81292 00557.85603 143013
4608.81292 00557.85603 143014
4608.81292 00557.85603 143015
4608.81292 00557.85603 143016
4608.81291 00557.85603 143017
4608.81292 00557.85603 143018
4608.81292 00557.85603 143019
4608.81292 00557.85603 143020
4608.81292 00557.85602 143021
4608.81292 00557.85603 143022
4608.81292 00557.85603 143023
4608.81292 00557.85602 143024
4608.81292 00557.85602 143025
4608.81292 00557.85602 143026
4608.81292 00557.85603 143027
4608.81292 00557.85603 143028
4608.81292 00557.85603 143029
4608.81292 00557.85602 143030
4608.81292 00557.85602 143031
4608.81292 00557.85603 143032
4608.81291 00557.85603 143033
4608.81291 00557.85603 143034
4608.81292 00557.85603 143035
4608.81292 00557.85603 143036
4608.81292 00557.85603 143037
4608.81291 00557.85603 143038
4608.81291 00557.85602 143039
4608.81291 00557.85602 143040
4608.81292 00557.85603 143041
4608.81292 00557.85603 143042
4608.81292 00557.85603 143043
4608.81292 00557.85603 143044
4608.81291 00557.85602 143045
4608.81291 00557.85602 143046
4608.81291 00557.85602 143047
4608.81291 00557.85603 143048
4608.81291 00557.85602 143049
4608.81291 00557.85602 143050
4608.81291 00557.85602 143051
4608.81291 00557.85602 143052
4608.81291 00557.85602 143053
4608.81291 00557.85602 143054
4608.81291 00557.85602 143055
4608.81291 00557.85602 143056
4608.81291 00557.85603 143057
4608.81291 00557.85603 143058
4608.81292 00557.85603 143059
4608.81292 00557.85603 143100
4608.81291 00557.85603 143101
4608.81291 00557.85603 143102
4608.81292 00557.85603 143103
4608.81291 00557.85603 143104
4608.81292 00557.85603 143105
4608.81291 00557.85603 143106
4608.81292 00557.85603 143107
4608.81292 00557.85603 143108
4608.81292 00557.85603 143109
4608.81292 00557.85603 143110
4608.81292 00557.85603 143111
4608.81292 00557.85603 143112
4608.81292 00557.85602 143113
4608.81292 00557.85602 143114
4608.81292 00557.85602 143115
4608.81292 00557.85602 143116
4608.81292 00557.85602 143117
4608.81292 00557.85602 143118
4608.81292 00557.85602 143119
4608.81291 00557.85602 143120
4608.81291 00557.85602 143121
4608.81292 00557.85602 143122
4608.81292 00557.85602 143123
4608.81292 00557.85602 143124
4608.81292 00557.85602 143125
4608.81291 00557.85602 143126
4608.81291 00557.85602 143127
4608.81292 00557.85602 143128
4608.81291 00557.85603 143129
4608.81291 00557.85602 143130
4608.81291 00557.85602 143131
4608.81291 00557.85602 143132
4608.81291 00557.85602 143133
4608.81291 00557.85602 143134
4608.81291 00557.85602 143135
4608.81291 00557.85602 143136
4608.81291 00557.85602 143137
4608.81291 00557.85602 143138
4608.81291 00557.85602 143139
4608.81291 00557.85602 143140
4608.81291 00557.85602 143141
4608.81291 00557.85602 143142
4608.81291 00557.85602 143143
4608.81291 00557.85602 143144
4608.81291 00557.85602 143145
4608.81291 00557.85602 143146
4608.81291 00557.85602 143147
4608.81291 00557.85602 143148
4608.81291 00557.85602 143149
4608.81291 00557.85602 143150
4608.81291 00557.85602 143151
4608.81291 00557.85602 143152
4608.81291 00557.85602 143153
4608.81291 00557.85602 143154
4608.81291 00557.85602 143155
4608.81291 00557.85602 143156
4608.81291 00557.85602 143157
4608.81291 00557.85602 143158
4608.81291 00557.85602 143159
4608.81291 00557.85602 143200
4608.81291 00557.85602 143201
4608.81291 00557.85602 143202
4608.81291 00557.85602 143203
4608.81292 00557.85602 143204
4608.81291 00557.85602 143205
4608.81291 00557.85602 143206
4608.81291 00557.85602 143207
4608.81291 00557.85602 143208
4608.81291 00557.85602 143209
4608.81291 00557.85602 143210
4608.81291 00557.85602 143211
4608.81291 00557.85602 143212
4608.81291 00557.85602 143213
4608.81291 00557.85602 143214
4608.81291 00557.85602 143215
4608.81291 00557.85602 143216
4608.81291 00557.85602 143217
4608.81291 00557.85602 143218
4608.81291 00557.85602 143219
4608.81291 00557.85602 143220
4608.81291 00557.85602 143221
4608.81291 00557.85602 143222
4608.81291 00557.85602 143223
4608.81291 00557.85602 143224
4608.81291 00557.85602 143225
4608.81291 00557.85602 143226
4608.81291 00557.85602 143227
4608.81291 00557.85602 143228
4608.81291 00557.85602 143229
4608.81291 00557.85602 143230
4608.81291 00557.85602 143231
4608.81291 00557.85602 143232
4608.81291 00557.85602 143233
4608.81291 00557.85602 143234
4608.81291 00557.85602 143235
4608.81291 00557.85602 143236
4608.81291 00557.85602 143237
4608.81291 00557.85602 143238
4608.81291 00557.85602 143239
4608.81291 00557.85602 143240
4608.81291 00557.85601 143241
4608.81291 00557.85602 143242
4608.81291 00557.85602 143243
4608.81291 00557.85602 143244
4608.81291 00557.85602 143245
4608.81291 00557.85601 143246
4608.81291 00557.85602 143247
4608.81291 00557.85601 143248
4608.81292 00557.85602 143249
4608.81292 00557.85601 143250
4608.81291 00557.85602 143251
4608.81291 00557.85601 143252
4608.81291 00557.85601 143253
4608.81291 00557.85601 143254
4608.81291 00557.85601 143255
4608.81291 00557.85602 143256
4608.81291 00557.85602 143257
4608.81291 00557.85602 143258
4608.81291 00557.85601 143259
4608.81291 00557.85602 143300
4608.81291 00557.85602 143301
4608.81291 00557.85602 143302
4608.81291 00557.85602 143303
4608.81291 00557.85602 143304
4608.81291 00557.85602 143305
4608.81291 00557.85602 143306
4608.81291 00557.85602 143307
4608.81291 00557.85602 143308
4608.81291 00557.85602 143309
4608.81291 00557.85602 143310
4608.81291 00557.85602 143311
4608.81291 00557.85602 143312
4608.81291 00557.85602 143313
4608.81291 00557.85602 143314
4608.81291 00557.85602 143315
4608.81291 00557.85602 143316
4608.81291 00557.85602 143317
4608.81291 00557.85602 143318
4608.81292 00557.85602 143319
4608.81292 00557.85602 143320
4608.81291 00557.85602 143321
4608.81292 00557.85602 143322
4608.81291 00557.85602 143323
4608.81292 00557.85602 143324
4608.81291 00557.85602 143325
4608.81291 00557.85602 143326
4608.81292 00557.85602 143327
4608.81292 00557.85602 143328
4608.81292 00557.85602 143329
4608.81292 00557.85602 143330
4608.81291 00557.85602 143331
4608.81291 00557.85602 143332
4608.81291 00557.85602 143333
4608.81292 00557.85602 143334
4608.81292 00557.85602 143335
4608.81291 00557.85602 143336
4608.81291 00557.85602 143337
4608.81291 00557.85602 143338
4608.81291 00557.85602 143339
4608.81291 00557.85602 143340
4608.81291 00557.85602 143341
4608.81291 00557.85602 143342
4608.81291 00557.85602 143343
4608.81291 00557.85602 143344
4608.81291 00557.85602 143345
4608.81291 00557.85602 143346
4608.81291 00557.85602 143347
4608.81291 00557.85602 143348
4608.81291 00557.85602 143349
4608.81291 00557.85602 143350
4608.81291 00557.85602 143351
4608.81291 00557.85602 143352
4608.81291 00557.85602 143353
4608.81291 00557.85602 143354
4608.81291 00557.85602 143355
4608.81291 00557.85602 143356
4608.81291 00557.85602 143357
4608.81291 00557.85602 143358
4608.81291 00557.85602 143359
4608.81291 00557.85602 143400
4608.81291 00557.85602 143401
4608.81291 00557.85602 143402
4608.81291 00557.85602 143403
4608.81291 00557.85602 143404
4608.81291 00557.85602 143405
4608.81291 00557.85602 143406
4608.81291 00557.85602 143407
4608.81291 00557.85602 143408
4608.81291 00557.85602 143409
4608.81291 00557.85602 143410
4608.81291 00557.85602 143411
4608.81291 00557.85602 143412
4608.81291 00557.85602 143413
4608.81291 00557.85602 143414
4608.81291 00557.85602 143415
4608.81292 00557.85602 143416
4608.81291 00557.85602 143417
4608.81292 00557.85602 143418
4608.81292 00557.85602 143419
4608.81292 00557.85602 143420
4608.81292 00557.85602 143421
4608.81291 00557.85602 143422
4608.81291 00557.85602 143423
4608.81292 00557.85602 143424
4608.81292 00557.85602 143425
4608.81292 00557.85602 143426
4608.81291 00557.85602 143427
4608.81291 00557.85602 143428
4608.81291 00557.85602 143429
4608.81291 00557.85602 143430
4608.81291 00557.85602 143431
4608.81291 00557.85601 143432
4608.81291 00557.85602 143433
4608.81291 00557.85602 143434
4608.81291 00557.85602 143435
4608.81291 00557.85602 143436
4608.81292 00557.85602 143437
4608.81291 00557.85602 143438
4608.81291 00557.85602 143439
4608.81291 00557.85602 143440
4608.81292 00557.85602 143441
4608.81292 00557.85602 143442
4608.81291 00557.85602 143443
4608.81291 00557.85602 143444
4608.81292 00557.85602 143445
4608.81291 00557.85602 143446
4608.81291 00557.85602 143447
4608.81292 00557.85602 143448
4608.81291 00557.85602 143449
4608.81291 00557.85602 143450
4608.81291 00557.85602 143451
4608.81291 00557.85602 143452
4608.81291 00557.85602 143453
4608.81291 00557.85602 143454
4608.81292 00557.85602 143455
4608.81291 00557.85602 143456
4608.81291 00557.85602 143457
4608.81291 00557.85602 143458
4608.81291 00557.85602 143459
4608.81292 00557.85602 143500
4608.81291 00557.85602 143501
4608.81291 00557.85602 143502
4608.81291 00557.85602 143503
4608.81291 00557.85602 143504
4608.81291 00557.85602 143505
4608.81291 00557.85602 143506
4608.81291 00557.85602 143507
4608.81291 00557.85602 143508
4608.81291 00557.85602 143509
4608.81291 00557.85602 143510
4608.81291 00557.85602 143511
4608.81291 00557.85602 143512
4608.81291 00557.85602 143513
4608.81291 00557.85602 143514
4608.81291 00557.85602 143515
4608.81291 00557.85602 143516
4608.81291 00557.85602 143517
4608.81291 00557.85602 143518
4608.81291 00557.85602 143519
4608.81291 00557.85602 143520
4608.81291 00557.85602 143521
4608.81291 00557.85602 143522
4608.81291 00557.85602 143523
4608.81291 00557.85602 143524
4608.81291 00557.85602 143525
4608.81291 00557.85602 143526
4608.81291 00557.85602 143527
4608.81291 00557.85602 143528
4608.81291 00557.85602 143529
4608.81292 00557.85602 143530
4608.81292 00557.85602 143531
4608.81292 00557.85602 143532
4608.81291 00557.85602 143533
4608.81292 00557.85602 143534
4608.81292 00557.85602 143535
4608.81292 00557.85602 143536
4608.81292 00557.85602 143537
4608.81292 00557.85602 143538
4608.81291 00557.85602 143539
4608.81291 00557.85602 143540
4608.81291 00557.85602 143541
4608.81291 00557.85602 143542
4608.81291 00557.85602 143543
4608.81291 00557.85602 143544
4608.81291 00557.85602 143545
4608.81291 00557.85602 143546
4608.81291 00557.85602 143547
4608.81291 00557.85602 143548
4608.81291 00557.85602 143549
4608.81291 00557.85602 143550
4608.81291 00557.85602 143551
4608.81291 00557.85602 143552
4608.81291 00557.85602 143553
4608.81291 00557.85602 143554
4608.81291 00557.85602 143555
4608.81291 00557.85603 143556
4608.81291 00557.85603 143557
4608.81291 00557.85603 143558
4608.81291 00557.85602 143559
4608.81291 00557.85602 143600
4608.81291 00557.85602 143601
4608.81291 00557.85602 143602
4608.81291 00557.85603 143603
4608.81291 00557.85603 143604
4608.81291 00557.85603 143605
4608.81291 00557.85602 143606
4608.81291 00557.85602 143607
4608.81291 00557.85602 143608
4608.81291 00557.85603 143609
4608.81291 00557.85602 143610
4608.81291 00557.85602 143611
4608.81291 00557.85602 143612
4608.81291 00557.85602 143613
4608.81291 00557.85602 143614
4608.81291 00557.85602 143615
4608.81291 00557.85602 143616
4608.81291 00557.85602 143617
4608.81291 00557.85602 143618
4608.81291 00557.85602 143619
4608.81291 00557.85602 143620
4608.81291 00557.85602 143621
4608.81291 00557.85602 143622
4608.81291 00557.85603 143623
4608.81291 00557.85602 143624
4608.81291 00557.85602 143625
4608.81291 00557.85602 143626
4608.81291 00557.85602 143627
4608.81291 00557.85602 143628
4608.81291 00557.85602 143629
4608.81291 00557.85602 143630
4608.81291 00557.85602 143631
4608.81291 00557.85602 143632
4608.81291 00557.85603 143633
4608.81291 00557.85602 143634
4608.81291 00557.85602 143635
4608.81291 00557.85602 143636
4608.81291 00557.85603 143637
4608.81291 00557.85603 143638
4608.81291 00557.85603 143639
4608.81291 00557.85602 143640
4608.81291 00557.85602 143641
4608.81291 00557.85602 143642
4608.81290 00557.85602 143643
4608.81291 00557.85603 143644
4608.81291 00557.85603 143645
4608.81291 00557.85602 143646
4608.81291 00557.85603 143647
4608.81291 00557.85603 143648
4608.81291 00557.85603 143649
4608.81291 00557.85603 143650
4608.81291 00557.85603 143651
4608.81291 00557.85603 143652
4608.81291 00557.85603 143653
4608.81291 00557.85603 143654
4608.81291 00557.85603 143655
4608.81291 00557.85603 143656
4608.81291 00557.85603 143657
4608.81291 00557.85603 143658
4608.81291 00557.85603 143659
4608.81291 00557.85603 143700
4608.81291 00557.85603 143701
4608.81291 00557.85603 143702
4608.81291 00557.85603 143703
4608.81291 00557.85603 143704
4608.81291 00557.85603 143705
4608.81291 00557.85603 143706
4608.81291 00557.85603 143707
4608.81291 00557.85603 143708
4608.81291 00557.85603 143709
4608.81291 00557.85603 143710
4608.81291 00557.85603 143711
4608.81291 00557.85603 143712
4608.81291 00557.85603 143713
4608.81291 00557.85603 143714
4608.81291 00557.85603 143715
4608.81291 00557.85603 143716
4608.81291 00557.85603 143717
4608.81291 00557.85603 143718
4608.81291 00557.85603 143719
4608.81291 00557.85603 143720
4608.81291 00557.85603 143721
4608.81291 00557.85603 143722
4608.81291 00557.85603 143723
4608.81291 00557.85603 143724
4608.81291 00557.85603 143725
4608.81291 00557.85603 143726
4608.81291 00557.85603 143727
4608.81291 00557.85603 143728
4608.81291 00557.85603 143729
4608.81291 00557.85603 143730
4608.81291 00557.85603 143731
4608.81291 00557.85603 143732
4608.81291 00557.85603 143733
4608.81291 00557.85603 143734
4608.81291 00557.85603 143735
4608.81291 00557.85603 143736
4608.81291 00557.85603 143737
4608.81291 00557.85603 143738
4608.81291 00557.85603 143739
4608.81291 00557.85603 143740
4608.81291 00557.85603 143741
4608.81291 00557.85603 143742
4608.81291 00557.85603 143743
4608.81291 00557.85603 143744
4608.81291 00557.85603 143745
4608.81291 00557.85603 143746
4608.81291 00557.85603 143747
4608.81291 00557.85603 143748
4608.81291 00557.85603 143749
4608.81291 00557.85603 143750
4608.81291 00557.85603 143751
4608.81291 00557.85603 143752
4608.81291 00557.85603 143753
4608.81291 00557.85603 143754
4608.81291 00557.85603 143755
4608.81291 00557.85603 143756
4608.81291 00557.85603 143757
4608.81291 00557.85603 143758
4608.81291 00557.85603 143759
4608.81291 00557.85603 143800
4608.81291 00557.85603 143801
4608.81291 00557.85603 143802
4608.81291 00557.85603 143803
4608.81291 00557.85603 143804
4608.81291 00557.85603 143805
4608.81291 00557.85603 143806
4608.81291 00557.85603 143807
4608.81291 00557.85603 143808
4608.81291 00557.85603 143809
4608.81291 00557.85603 143810
4608.81291 00557.85603 143811
4608.81291 00557.85603 143812
4608.81291 00557.85603 143813
4608.81291 00557.85603 143814
4608.81291 00557.85603 143815
4608.81291 00557.85603 143816
4608.81291 00557.85603 143817
4608.81291 00557.85603 143818
4608.81291 00557.85603 143819
4608.81291 00557.85603 143820
4608.81291 00557.85603 143821
4608.81291 00557.85603 143822
4608.81291 00557.85603 143823
4608.81291 00557.85603 143824
4608.81291 00557.85603 143825
4608.81291 00557.85603 143826
4608.81291 00557.85603 143827
4608.81291 00557.85603 143828
4608.81291 00557.85603 143829
4608.81291 00557.85603 143830
4608.81291 00557.85603 143831
4608.81291 00557.85603 143832
4608.81291 00557.85603 143833
4608.81291 00557.85603 143834
4608.81291 00557.85603 143835
4608.81291 00557.85603 143836
4608.81291 00557.85603 143837
4608.81291 00557.85603 143838
4608.81291 00557.85603 143839
4608.81291 00557.85603 143840
4608.81291 00557.85603 143841
4608.81291 00557.85603 143842
4608.81291 00557.85603 143843
4608.81291 00557.85603 143844
4608.81291 00557.85603 143845
4608.81291 00557.85603 143846
4608.81291 00557.85603 143847
4608.81291 00557.85603 143848
4608.81291 00557.85603 143849
4608.81291 00557.85603 143850
4608.81291 00557.85603 143851
4608.81291 00557.85603 143852
4608.81291 00557.85603 143853
4608.81291 00557.85603 143854
4608.81291 00557.85603 143855
4608.81291 00557.85603 143856
4608.81291 00557.85603 143857
4608.81291 00557.85603 143858
4608.81290 00557.85603 143859
4608.81291 00557.85603 143900
4608.81291 00557.85603 143901
4608.81291 00557.85603 143902
4608.81291 00557.85603 143903
4608.81291 00557.85602 143904
4608.81291 00557.85603 143905
4608.81291 00557.85603 143906
4608.81291 00557.85603 143907
4608.81291 00557.85603 143908
4608.81291 00557.85603 143909
4608.81291 00557.85603 143910
4608.81291 00557.85603 143911
4608.81291 00557.85603 143912
4608.81291 00557.85603 143913
4608.81291 00557.85603 143914
4608.81291 00557.85603 143915
4608.81291 00557.85603 143916
4608.81291 00557.85603 143917
4608.81291 00557.85603 143918
4608.81291 00557.85603 143919
4608.81291 00557.85603 143920
4608.81291 00557.85603 143921
4608.81291 00557.85603 143922
4608.81291 00557.85603 143923
4608.81291 00557.85603 143924
4608.81291 00557.85603 143925
4608.81291 00557.85603 143926
4608.81291 00557.85603 143927
4608.81291 00557.85603 143928
4608.81292 00557.85602 143929
4608.81292 00557.85603 143930
4608.81292 00557.85603 143931
4608.81291 00557.85603 143932
4608.81291 00557.85603 143933
4608.81291 00557.85603 143934
4608.81292 00557.85602 143935
4608.81292 00557.85603 143936
4608.81292 00557.85603 143937
4608.81291 00557.85603 143938
4608.81291 00557.85603 143939
4608.81292 00557.85602 143940
4608.81291 00557.85602 143941
4608.81291 00557.85603 143942
4608.81291 00557.85603 143943
4608.81291 00557.85603 143944
4608.81291 00557.85603 143945
4608.81291 00557.85603 143946
4608.81291 00557.85603 143947
4608.81291 00557.85603 143948
4608.81291 00557.85603 143949
4608.81291 00557.85603 143950
4608.81291 00557.85603 143951
4608.81291 00557.85603 143952
4608.81291 00557.85603 143953
4608.81291 00557.85603 143954
4608.81291 00557.85603 143955
4608.81291 00557.85603 143956
4608.81291 00557.85603 143957
4608.81291 00557.85603 143958
4608.81291 00557.85603 143959
4608.81291 00557.85603 144000
4608.81291 00557.85603 144001
4608.81291 00557.85602 144002
4608.81291 00557.85603 144003
4608.81291 00557.85603 144004
4608.81291 00557.85603 144005
4608.81291 00557.85603 144006
4608.81291 00557.85603 144007
4608.81291 00557.85602 144008
4608.81291 00557.85603 144009
4608.81291 00557.85603 144010
4608.81291 00557.85603 144011
4608.81291 00557.85603 144012
4608.81291 00557.85602 144013
4608.81291 00557.85603 144014
4608.81291 00557.85603 144015
4608.81291 00557.85603 144016
4608.81291 00557.85603 144017
4608.81291 00557.85603 144018
4608.81291 00557.85602 144019
4608.81291 00557.85603 144020
4608.81291 00557.85602 144021
4608.81291 00557.85602 144022
4608.81291 00557.85602 144023
4608.81291 00557.85602 144024
4608.81291 00557.85603 144025
4608.81291 00557.85602 144026
4608.81291 00557.85602 144027
4608.81291 00557.85603 144028
4608.81291 00557.85603 144029
4608.81291 00557.85602 144030
4608.81291 00557.85602 144031
4608.81291 00557.85602 144032
4608.81291 00557.85602 144033
4608.81291 00557.85603 144034
4608.81292 00557.85603 144035
4608.81291 00557.85602 144036
4608.81291 00557.85602 144037
4608.81291 00557.85602 144038
4608.81291 00557.85602 144039
4608.81291 00557.85602 144040
4608.81291 00557.85602 144041
4608.81291 00557.85603 144042
4608.81291 00557.85602 144043
4608.81291 00557.85602 144044
4608.81291 00557.85602 144045
4608.81291 00557.85603 144046
4608.81291 00557.85603 144047
4608.81291 00557.85603 144048
4608.81291 00557.85603 144049
4608.81291 00557.85602 144050
4608.81291 00557.85603 144051
4608.81291 00557.85602 144052
4608.81291 00557.85602 144053
4608.81291 00557.85602 144054
4608.81291 00557.85603 144055
4608.81291 00557.85603 144056
4608.81291 00557.85603 144057
4608.81291 00557.85603 144058
4608.81291 00557.85603 144059
4608.81291 00557.85603 144100
4608.81291 00557.85603 144101
4608.81291 00557.85603 144102
4608.81291 00557.85603 144103
4608.81291 00557.85603 144104
4608.81291 00557.85603 144105
4608.81291 00557.85603 144106
4608.81291 00557.85603 144107
4608.81291 00557.85603 144108
4608.81291 00557.85603 144109
4608.81291 00557.85603 144110
4608.81291 00557.85603 144111
4608.81291 00557.85603 144112
4608.81291 00557.85603 144113
4608.81291 00557.85603 144114
4608.81291 00557.85603 144115
4608.81291 00557.85603 144116
4608.81291 00557.85603 144117
4608.81291 00557.85603 144118
4608.81291 00557.85603 144119
4608.81291 00557.85603 144120
4608.81291 00557.85603 144121
4608.81291 00557.85603 144122
4608.81291 00557.85603 144123
4608.81291 00557.85603 144124
4608.81291 00557.85603 144125
4608.81291 00557.85603 144126
4608.81291 00557.85603 144127
4608.81291 00557.85603 144128
4608.81291 00557.85603 144129
4608.81291 00557.85603 144130
4608.81291 00557.85603 144131
4608.81291 00557.85603 144132
4608.81291 00557.85603 144133
4608.81291 00557.85603 144134
4608.81291 00557.85603 144135
4608.81291 00557.85603 144136
4608.81291 00557.85603 144137
4608.81291 00557.85603 144138
4608.81291 00557.85603 144139
4608.81291 00557.85603 144140
4608.81291 00557.85603 144141
4608.81291 00557.85603 144142
4608.81291 00557.85603 144143
4608.81291 00557.85603 144144
4608.81291 00557.85603 144145
4608.81291 00557.85603 144146
4608.81291 00557.85603 144147
4608.81291 00557.85603 144148
4608.81291 00557.85603 144149
4608.81291 00557.85603 144150
4608.81291 00557.85603 144151
4608.81291 00557.85603 144152
4608.81291 00557.85603 144153
4608.81291 00557.85603 144154
4608.81291 00557.85603 144155
4608.81291 00557.85603 144156
4608.81291 00557.85603 144157
4608.81291 00557.85603 144158
4608.81291 00557.85603 144159
4608.81292 00557.85603 144200
4608.81291 00557.85603 144201
4608.81291 00557.85603 144202
4608.81291 00557.85603 144203
4608.81291 00557.85603 144204
4608.81291 00557.85603 144205
4608.81291 00557.85603 144206
4608.81291 00557.85603 144207
4608.81291 00557.85603 144208
4608.81291 00557.85603 144209
4608.81291 00557.85603 144210
4608.81291 00557.85603 144211
4608.81291 00557.85603 144212
4608.81291 00557.85603 144213
4608.81291 00557.85603 144214
4608.81291 00557.85603 144215
4608.81291 00557.85603 144216
4608.81291 00557.85603 144217
4608.81291 00557.85603 144218
4608.81291 00557.85603 144219
4608.81291 00557.85603 144220
4608.81291 00557.85603 144221
4608.81291 00557.85603 144222
4608.81291 00557.85603 144223
4608.81291 00557.85603 144224
4608.81291 00557.85603 144225
4608.81291 00557.85603 144226
4608.81291 00557.85603 144227
4608.81291 00557.85603 144228
4608.81291 00557.85603 144229
4608.81291 00557.85603 144230
4608.81291 00557.85603 144231
4608.81291 00557.85603 144232
4608.81291 00557.85603 144233
4608.81291 00557.85603 144234
4608.81291 00557.85603 144235
4608.81291 00557.85603 144236
4608.81291 00557.85603 144237
4608.81291 00557.85603 144238
4608.81291 00557.85603 144239
4608.81291 00557.85603 144240
4608.81291 00557.85603 144241
4608.81291 00557.85603 144242
4608.81291 00557.85603 144243
4608.81291 00557.85603 144244
4608.81291 00557.85603 144245
4608.81291 00557.85603 144246
4608.81291 00557.85603 144247
4608.81291 00557.85603 144248
4608.81291 00557.85603 144249
4608.81291 00557.85603 144250
4608.81291 00557.85603 144251
4608.81291 00557.85603 144252
4608.81291 00557.85603 144253
4608.81291 00557.85603 144254
4608.81291 00557.85603 144255
4608.81291 00557.85603 144256
4608.81291 00557.85603 144257
4608.81291 00557.85603 144258
4608.81291 00557.85603 144259
4608.81291 00557.85603 144300
4608.81291 00557.85603 144301
4608.81291 00557.85603 144302
4608.81291 00557.85603 144303
4608.81292 00557.85603 144304
4608.81292 00557.85603 144305
4608.81292 00557.85603 144306
4608.81291 00557.85603 144307
4608.81291 00557.85603 144308
4608.81292 00557.85603 144309
4608.81292 00557.85603 144310
4608.81292 00557.85603 144311
4608.81291 00557.85603 144312
4608.81291 00557.85603 144313
4608.81292 00557.85603 144314
4608.81292 00557.85603 144315
4608.81292 00557.85603 144316
4608.81292 00557.85603 144317
4608.81292 00557.85603 144318
4608.81292 00557.85603 144319
4608.81292 00557.85603 144320
4608.81292 00557.85603 144321
4608.81292 00557.85603 144322
4608.81292 00557.85603 144323
4608.81292 00557.85603 144324
4608.81292 00557.85602 144325
4608.81292 00557.85602 144326
4608.81292 00557.85602 144327
4608.81292 00557.85602 144328
4608.81292 00557.85602 144329
4608.81292 00557.85602 144330
4608.81292 00557.85602 144331
4608.81292 00557.85602 144332
4608.81292 00557.85602 144333
4608.81292 00557.85602 144334
4608.81292 00557.85602 144335
4608.81292 00557.85602 144336
4608.81292 00557.85602 144337
4608.81292 00557.85602 144338
4608.81292 00557.85602 144339
4608.81291 00557.85602 144340
4608.81292 00557.85602 144341
4608.81292 00557.85602 144342
4608.81292 00557.85602 144343
4608.81292 00557.85602 144344
4608.81292 00557.85602 144345
4608.81292 00557.85602 144346
4608.81292 00557.85602 144347
4608.81292 00557.85602 144348
4608.81292 00557.85603 144349
4608.81292 00557.85602 144350
4608.81292 00557.85602 144351
4608.81292 00557.85602 144352
4608.81292 00557.85602 144353
4608.81292 00557.85602 144354
4608.81292 00557.85602 144355
4608.81292 00557.85602 144356
4608.81292 00557.85602 144357
4608.81292 00557.85602 144358
4608.81291 00557.85602 144359
4608.81291 00557.85602 144400
4608.81291 00557.85602 144401
4608.81292 00557.85602 144402
4608.81292 00557.85602 144403
4608.81292 00557.85602 144404
4608.81291 00557.85602 144405
4608.81291 00557.85602 144406
4608.81291 00557.85602 144407
4608.81291 00557.85603 144408
4608.81291 00557.85603 144409
4608.81291 00557.85603 144410
4608.81291 00557.85603 144411
4608.81291 00557.85602 144412
4608.81291 00557.85603 144413
4608.81291 00557.85603 144414
4608.81291 00557.85603 144415
4608.81291 00557.85603 144416
4608.81291 00557.85603 144417
4608.81291 00557.85603 144418
4608.81291 00557.85603 144419
4608.81291 00557.85603 144420
4608.81291 00557.85603 144421
4608.81291 00557.85603 144422
4608.81291 00557.85603 144423
4608.81291 00557.85603 144424
4608.81291 00557.85603 144425
4608.81291 00557.85603 144426
4608.81291 00557.85603 144427
4608.81291 00557.85603 144428
4608.81291 00557.85603 144429
4608.81291 00557.85603 144430
4608.81291 00557.85603 144431
4608.81291 00557.85603 144432
4608.81291 00557.85603 144433
4608.81291 00557.85603 144434
4608.81291 00557.85603 144435
4608.81291 00557.85603 144436
4608.81291 00557.85603 144437
4608.81291 00557.85603 144438
4608.81291 00557.85603 144439
4608.81291 00557.85603 144440
4608.81291 00557.85603 144441
4608.81291 00557.85603 144442
4608.81291 00557.85603 144443
4608.81292 00557.85603 144444
4608.81291 00557.85603 144445
4608.81291 00557.85603 144446
4608.81291 00557.85603 144447
4608.81291 00557.85603 144448
4608.81292 00557.85603 144449
4608.81292 00557.85603 144450
4608.81292 00557.85603 144451
4608.81292 00557.85603 144452
4608.81291 00557.85603 144453
4608.81292 00557.85602 144454
4608.81292 00557.85603 144455
4608.81292 00557.85603 144456
4608.81292 00557.85603 144457
4608.81292 00557.85603 144458
4608.81292 00557.85603 144459
4608.81292 00557.85603 144500
4608.81292 00557.85603 144501
4608.81292 00557.85603 144502
4608.81292 00557.85603 144503
4608.81292 00557.85603 144504
4608.81292 00557.85603 144505
4608.81292 00557.85603 144506
4608.81292 00557.85603 144507
4608.81292 00557.85603 144508
4608.81292 00557.85603 144509
4608.81292 00557.85603 144510
4608.81292 00557.85603 144511
4608.81292 00557.85603 144512
4608.81292 00557.85603 144513
4608.81292 00557.85603 144514
4608.81292 00557.85603 144515
4608.81291 00557.85603 144516
4608.81291 00557.85603 144517
4608.81292 00557.85603 144518
4608.81292 00557.85603 144519
4608.81291 00557.85603 144520
4608.81292 00557.85603 144521
4608.81292 00557.85603 144522
4608.81291 00557.85603 144523
4608.81292 00557.85603 144524
4608.81292 00557.85603 144525
4608.81291 00557.85603 144526
4608.81292 00557.85603 144527
4608.81291 00557.85603 144528
4608.81291 00557.85603 144529
4608.81291 00557.85603 144530
4608.81291 00557.85603 144531
4608.81291 00557.85603 144532
4608.81292 00557.85603 144533
4608.81291 00557.85603 144534
4608.81291 00557.85603 144535
4608.81291 00557.85603 144536
4608.81291 00557.85603 144537
4608.81291 00557.85603 144538
4608.81291 00557.85603 144539
4608.81291 00557.85603 144540
4608.81291 00557.85603 144541
4608.81291 00557.85603 144542
4608.81291 00557.85603 144543
4608.81291 00557.85603 144544
4608.81291 00557.85603 144545
4608.81291 00557.85603 144546
4608.81291 00557.85603 144547
4608.81291 00557.85603 144548
4608.81291 00557.85603 144549
4608.81291 00557.85603 144550
4608.81291 00557.85603 144551
4608.81291 00557.85603 144552
4608.81291 00557.85603 144553
4608.81291 00557.85603 144554
4608.81291 00557.85603 144555
4608.81291 00557.85603 144556
4608.81291 00557.85603 144557
4608.81291 00557.85603 144558
4608.81291 00557.85603 144559