4608.80823 00557.85984 174600
4608.80823 00557.85984 174601
4608.80823 00557.85984 174602
4608.80823 00557.85985 174603
4608.80823 00557.85985 174604
4608.80823 00557.85984 174605
4608.80823 00557.85985 174606
4608.80824 00557.85985 174607
4608.80823 00557.85985 174608
4608.80823 00557.85985 174609
4608.80824 00557.85985 174610
4608.80822 00557.85985 174611
4608.80822 00557.85985 174612
4608.80823 00557.85985 174613
4608.80823 00557.85985 174614
4608.80823 00557.85985 174615
4608.80823 00557.85985 174616
4608.80824 00557.85985 174617
4608.80824 00557.85985 174618
4608.80824 00557.85985 174619
4608.80824 00557.85985 174620
4608.80824 00557.85985 174621
4608.80824 00557.85985 174622
4608.80824 00557.85985 174623
4608.80824 00557.85985 174624
4608.80824 00557.85985 174625
4608.80824 00557.85985 174626
4608.80824 00557.85986 174627
4608.80824 00557.85986 174628
4608.80823 00557.85985 174629
4608.80824 00557.85985 174630
4608.80824 00557.85985 174631
4608.80824 00557.85986 174632
4608.80823 00557.85986 174633
4608.80824 00557.85986 174634
4608.80824 00557.85986 174635
4608.80824 00557.85986 174636
4608.80824 00557.85986 174637
4608.80824 00557.85986 174638
4608.80824 00557.85986 174639
4608.80824 00557.85986 174640
4608.80824 00557.85986 174641
4608.80824 00557.85986 174642
4608.80824 00557.85986 174643
4608.80824 00557.85986 174644
4608.80824 00557.85986 174645
4608.80824 00557.85986 174646
4608.80824 00557.85986 174647
4608.80824 00557.85986 174648
4608.80824 00557.85986 174649
4608.80824 00557.85986 174650
4608.80824 00557.85986 174651
4608.80824 00557.85986 174652
4608.80824 00557.85986 174653
4608.80824 00557.85986 174654
4608.80824 00557.85986 174655
4608.80824 00557.85986 174656
4608.80824 00557.85986 174657
4608.80824 00557.85986 174658
4608.80824 00557.85985 174659
4608.80824 00557.85985 174700
4608.80824 00557.85985 174701
4608.80824 00557.85985 174702
4608.80824 00557.85985 174703
4608.80825 00557.85985 174704
4608.80824 00557.85985 174705
4608.80824 00557.85985 174706
4608.80824 00557.85985 174707
4608.80824 00557.85985 174708
4608.80824 00557.85985 174709
4608.80824 00557.85985 174710
4608.80824 00557.85985 174711
4608.80824 00557.85985 174712
4608.80824 00557.85985 174713
4608.80824 00557.85985 174714
4608.80824 00557.85985 174715
4608.80824 00557.85985 174716
4608.80824 00557.85985 174717
4608.80824 00557.85985 174718
4608.80824 00557.85985 174719
4608.80824 00557.85985 174720
4608.80824 00557.85985 174721
4608.80824 00557.85985 174722
4608.80824 00557.85985 174723
4608.80824 00557.85985 174724
4608.80824 00557.85985 174725
4608.80824 00557.85985 174726
4608.80824 00557.85985 174727
4608.80824 00557.85985 174728
4608.80824 00557.85985 174729
4608.80824 00557.85985 174730
4608.80824 00557.85985 174731
4608.80824 00557.85985 174732
4608.80824 00557.85985 174733
4608.80824 00557.85985 174734
4608.80824 00557.85985 174735
4608.80824 00557.85985 174736
4608.80824 00557.85985 174737
4608.80824 00557.85985 174738
4608.80824 00557.85985 174739
4608.80824 00557.85985 174740
4608.80824 00557.85985 174741
4608.80824 00557.85985 174742
4608.80824 00557.85985 174743
4608.80824 00557.85985 174744
4608.80824 00557.85985 174745
4608.80824 00557.85985 174746
4608.80824 00557.85985 174747
4608.80824 00557.85985 174748
4608.80824 00557.85985 174749
4608.80824 00557.85985 174750
4608.80823 00557.85984 174751
4608.80823 00557.85984 174752
4608.80823 00557.85984 174753
4608.80823 00557.85984 174754
4608.80824 00557.85985 174755
4608.80824 00557.85985 174756
4608.80824 00557.85985 174757
4608.80824 00557.85985 174758
4608.80824 00557.85985 174759
4608.80824 00557.85984 174800
4608.80824 00557.85985 174801
4608.80824 00557.85984 174802
4608.80824 00557.85985 174803
4608.80824 00557.85985 174804
4608.80824 00557.85985 174805
4608.80824 00557.85985 174806
4608.80824 00557.85985 174807
4608.80824 00557.85985 174808
4608.80824 00557.85985 174809
4608.80824 00557.85985 174810
4608.80824 00557.85985 174811
4608.80824 00557.85985 174812
4608.80824 00557.85984 174813
4608.80824 00557.85985 174814
4608.80824 00557.85984 174815
4608.80824 00557.85984 174816
4608.80824 00557.85985 174817
4608.80824 00557.85984 174818
4608.80824 00557.85984 174819
4608.80824 00557.85984 174820
4608.80824 00557.85984 174821
4608.80824 00557.85984 174822
4608.80824 00557.85984 174823
4608.80824 00557.85984 174824
4608.80824 00557.85984 174825
4608.80824 00557.85984 174826
4608.80824 00557.85984 174827
4608.80824 00557.85984 174828
4608.80824 00557.85984 174829
4608.80824 00557.85985 174830
4608.80824 00557.85985 174831
4608.80824 00557.85985 174832
4608.80824 00557.85985 174833
4608.80824 00557.85984 174834
4608.80824 00557.85984 174835
4608.80823 00557.85985 174836
4608.80823 00557.85984 174837
4608.80824 00557.85984 174838
4608.80824 00557.85984 174839
4608.80824 00557.85984 174840
4608.80823 00557.85984 174841
4608.80823 00557.85984 174842
4608.80823 00557.85984 174843
4608.80823 00557.85984 174844
4608.80824 00557.85984 174845
4608.80823 00557.85984 174846
4608.80823 00557.85984 174847
4608.80823 00557.85984 174848
4608.80824 00557.85984 174849
4608.80824 00557.85984 174850
4608.80824 00557.85984 174851
4608.80824 00557.85984 174852
4608.80823 00557.85985 174853
4608.80823 00557.85984 174854
4608.80823 00557.85984 174855
4608.80823 00557.85984 174856
4608.80823 00557.85984 174857
4608.80823 00557.85984 174858
4608.80823 00557.85984 174859
4608.80823 00557.85984 174900
4608.80823 00557.85984 174901
4608.80823 00557.85984 174902
4608.80823 00557.85984 174903
4608.80824 00557.85985 174904
4608.80824 00557.85984 174905
4608.80824 00557.85984 174906
4608.80824 00557.85984 174907
4608.80824 00557.85984 174908
4608.80824 00557.85984 174909
4608.80824 00557.85984 174910
4608.80824 00557.85985 174911
4608.80824 00557.85985 174912
4608.80824 00557.85985 174913
4608.80824 00557.85985 174914
4608.80824 00557.85984 174915
4608.80824 00557.85985 174916
4608.80824 00557.85985 174917
4608.80824 00557.85985 174918
4608.80824 00557.85985 174919
4608.80824 00557.85985 174920
4608.80824 00557.85985 174921
4608.80824 00557.85985 174922
4608.80824 00557.85985 174923
4608.80824 00557.85985 174924
4608.80824 00557.85985 174925
4608.80824 00557.85985 174926
4608.80824 00557.85985 174927
4608.80824 00557.85985 174928
4608.80824 00557.85985 174929
4608.80824 00557.85985 174930
4608.80824 00557.85985 174931
4608.80824 00557.85985 174932
4608.80824 00557.85985 174933
4608.80824 00557.85986 174934
4608.80824 00557.85985 174935
4608.80824 00557.85986 174936
4608.80824 00557.85986 174937
4608.80824 00557.85986 174938
4608.80824 00557.85986 174939
4608.80824 00557.85986 174940
4608.80824 00557.85985 174941
4608.80824 00557.85986 174942
4608.80824 00557.85986 174943
4608.80824 00557.85986 174944
4608.80824 00557.85985 174945
4608.80824 00557.85986 174946
4608.80824 00557.85985 174947
4608.80824 00557.85986 174948
4608.80824 00557.85986 174949
4608.80824 00557.85986 174950
4608.80824 00557.85985 174951
4608.80823 00557.85985 174952
4608.80823 00557.85985 174953
4608.80823 00557.85985 174954
4608.80823 00557.85985 174955
4608.80823 00557.85985 174956
4608.80823 00557.85985 174957
4608.80823 00557.85985 174958
4608.80823 00557.85985 174959
4608.80823 00557.85985 175000
4608.80823 00557.85985 175001
4608.80823 00557.85985 175002
4608.80823 00557.85985 175003
4608.80823 00557.85985 175004
4608.80823 00557.85985 175005
4608.80823 00557.85985 175006
4608.80823 00557.85985 175007
4608.80823 00557.85985 175008
4608.80823 00557.85985 175009
4608.80823 00557.85985 175010
4608.80823 00557.85985 175011
4608.80823 00557.85985 175012
4608.80824 00557.85985 175013
4608.80824 00557.85985 175014
4608.80824 00557.85985 175015
4608.80824 00557.85985 175016
4608.80824 00557.85985 175017
4608.80824 00557.85985 175018
4608.80824 00557.85985 175019
4608.80824 00557.85985 175020
4608.80824 00557.85985 175021
4608.80824 00557.85985 175022
4608.80824 00557.85985 175023
4608.80824 00557.85985 175024
4608.80824 00557.85986 175025
4608.80824 00557.85985 175026
4608.80824 00557.85985 175027
4608.80824 00557.85985 175028
4608.80824 00557.85985 175029
4608.80824 00557.85985 175030
4608.80824 00557.85985 175031
4608.80824 00557.85985 175032
4608.80824 00557.85985 175033
4608.80824 00557.85985 175034
4608.80824 00557.85985 175035
4608.80824 00557.85985 175036
4608.80824 00557.85985 175037
4608.80824 00557.85985 175038
4608.80824 00557.85985 175039
4608.80824 00557.85985 175040
4608.80824 00557.85985 175041
4608.80824 00557.85985 175042
4608.80824 00557.85986 175043
4608.80824 00557.85986 175044
4608.80824 00557.85986 175045
4608.80824 00557.85986 175046
4608.80824 00557.85986 175047
4608.80824 00557.85985 175048
4608.80824 00557.85985 175049
4608.80824 00557.85985 175050
4608.80824 00557.85985 175051
4608.80824 00557.85985 175052
4608.80824 00557.85985 175053
4608.80824 00557.85985 175054
4608.80824 00557.85985 175055
4608.80824 00557.85985 175056
4608.80824 00557.85985 175057
4608.80824 00557.85985 175058
4608.80824 00557.85985 175059
4608.80824 00557.85985 175100
4608.80824 00557.85985 175101
4608.80824 00557.85985 175102
4608.80824 00557.85985 175103
4608.80824 00557.85985 175104
4608.80824 00557.85985 175105
4608.80824 00557.85985 175106
4608.80824 00557.85985 175107
4608.80824 00557.85985 175108
4608.80824 00557.85985 175109
4608.80824 00557.85984 175110
4608.80824 00557.85984 175111
4608.80824 00557.85984 175112
4608.80824 00557.85984 175113
4608.80824 00557.85984 175114
4608.80824 00557.85984 175115
4608.80824 00557.85985 175116
4608.80824 00557.85985 175117
4608.80824 00557.85985 175118
4608.80824 00557.85984 175119
4608.80823 00557.85984 175120
4608.80824 00557.85984 175121
4608.80824 00557.85985 175122
4608.80822 00557.85984 175123
4608.80822 00557.85984 175124
4608.80823 00557.85984 175125
4608.80823 00557.85984 175126
4608.80823 00557.85984 175127
4608.80822 00557.85984 175128
4608.80824 00557.85985 175129
4608.80824 00557.85984 175130
4608.80824 00557.85984 175131
4608.80823 00557.85985 175132
4608.80823 00557.85985 175133
4608.80823 00557.85985 175134
4608.80824 00557.85985 175135
4608.80824 00557.85985 175136
4608.80823 00557.85984 175137
4608.80823 00557.85985 175138
4608.80822 00557.85985 175139
4608.80822 00557.85985 175140
4608.80823 00557.85985 175141
4608.80823 00557.85985 175142
4608.80823 00557.85985 175143
4608.80823 00557.85985 175144
4608.80823 00557.85985 175145
4608.80823 00557.85985 175146
4608.80823 00557.85985 175147
4608.80823 00557.85984 175148
4608.80823 00557.85985 175149
4608.80823 00557.85985 175150
4608.80823 00557.85985 175151
4608.80823 00557.85985 175152
4608.80823 00557.85985 175153
4608.80823 00557.85985 175154
4608.80823 00557.85985 175155
4608.80823 00557.85985 175156
4608.80823 00557.85985 175157
4608.80823 00557.85985 175158
4608.80823 00557.85985 175159
4608.80823 00557.85984 175200
4608.80823 00557.85984 175201
4608.80823 00557.85984 175202
4608.80823 00557.85984 175203
4608.80823 00557.85985 175204
4608.80823 00557.85984 175205
4608.80823 00557.85984 175206
4608.80823 00557.85984 175207
4608.80823 00557.85984 175208
4608.80823 00557.85984 175209
4608.80823 00557.85984 175210
4608.80823 00557.85984 175211
4608.80823 00557.85984 175212
4608.80823 00557.85984 175213
4608.80823 00557.85984 175214
4608.80823 00557.85985 175215
4608.80823 00557.85984 175216
4608.80823 00557.85984 175217
4608.80823 00557.85984 175218
4608.80823 00557.85984 175219
4608.80823 00557.85984 175220
4608.80823 00557.85984 175221
4608.80823 00557.85984 175222
4608.80823 00557.85984 175223
4608.80823 00557.85984 175224
4608.80823 00557.85984 175225
4608.80823 00557.85984 175226
4608.80823 00557.85984 175227
4608.80823 00557.85984 175228
4608.80822 00557.85984 175229
4608.80822 00557.85985 175230
4608.80822 00557.85985 175231
4608.80823 00557.85985 175232
4608.80823 00557.85984 175233
4608.80822 00557.85984 175234
4608.80822 00557.85985 175235
4608.80822 00557.85985 175236
4608.80823 00557.85984 175237
4608.80823 00557.85985 175238
4608.80823 00557.85985 175239
4608.80823 00557.85985 175240
4608.80823 00557.85985 175241
4608.80823 00557.85985 175242
4608.80823 00557.85985 175243
4608.80822 00557.85985 175244
4608.80823 00557.85985 175245
4608.80823 00557.85984 175246
4608.80823 00557.85985 175247
4608.80822 00557.85985 175248
4608.80823 00557.85985 175249
4608.80822 00557.85985 175250
4608.80822 00557.85985 175251
4608.80822 00557.85985 175252
4608.80822 00557.85986 175253
4608.80822 00557.85986 175254
4608.80822 00557.85986 175255
4608.80822 00557.85986 175256
4608.80822 00557.85985 175257
4608.80823 00557.85985 175258
4608.80823 00557.85985 175259
4608.80823 00557.85985 175300
4608.80823 00557.85985 175301
4608.80823 00557.85985 175302
4608.80823 00557.85985 175303
4608.80823 00557.85985 175304
4608.80823 00557.85985 175305
4608.80823 00557.85985 175306
4608.80823 00557.85985 175307
4608.80823 00557.85985 175308
4608.80823 00557.85985 175309
4608.80823 00557.85985 175310
4608.80823 00557.85984 175311
4608.80823 00557.85984 175312
4608.80823 00557.85985 175313
4608.80823 00557.85985 175314
4608.80823 00557.85984 175315
4608.80823 00557.85984 175316
4608.80823 00557.85985 175317
4608.80823 00557.85985 175318
4608.80823 00557.85985 175319
4608.80823 00557.85985 175320
4608.80823 00557.85985 175321
4608.80823 00557.85985 175322
4608.80823 00557.85985 175323
4608.80823 00557.85985 175324
4608.80823 00557.85985 175325
4608.80823 00557.85985 175326
4608.80823 00557.85985 175327
4608.80823 00557.85985 175328
4608.80823 00557.85986 175329
4608.80823 00557.85985 175330
4608.80823 00557.85986 175331
4608.80823 00557.85986 175332
4608.80823 00557.85986 175333
4608.80823 00557.85985 175334
4608.80823 00557.85985 175335
4608.80823 00557.85985 175336
4608.80823 00557.85985 175337
4608.80823 00557.85986 175338
4608.80823 00557.85985 175339
4608.80823 00557.85985 175340
4608.80823 00557.85986 175341
4608.80822 00557.85986 175342
4608.80822 00557.85986 175343
4608.80823 00557.85985 175344
4608.80823 00557.85986 175345
4608.80823 00557.85985 175346
4608.80822 00557.85986 175347
4608.80822 00557.85986 175348
4608.80822 00557.85986 175349
4608.80822 00557.85985 175350
4608.80823 00557.85985 175351
4608.80823 00557.85986 175352
4608.80823 00557.85986 175353
4608.80822 00557.85986 175354
4608.80822 00557.85986 175355
4608.80823 00557.85986 175356
4608.80823 00557.85986 175357
4608.80823 00557.85986 175358
4608.80823 00557.85986 175359
4608.80822 00557.85985 175400
4608.80823 00557.85985 175401
4608.80823 00557.85985 175402
4608.80823 00557.85985 175403
4608.80823 00557.85985 175404
4608.80823 00557.85985 175405
4608.80823 00557.85985 175406
4608.80823 00557.85985 175407
4608.80823 00557.85985 175408
4608.80823 00557.85985 175409
4608.80823 00557.85985 175410
4608.80823 00557.85985 175411
4608.80823 00557.85985 175412
4608.80823 00557.85985 175413
4608.80822 00557.85986 175414
4608.80822 00557.85986 175415
4608.80822 00557.85985 175416
4608.80823 00557.85985 175417
4608.80823 00557.85985 175418
4608.80823 00557.85985 175419
4608.80823 00557.85985 175420
4608.80823 00557.85985 175421
4608.80823 00557.85985 175422
4608.80823 00557.85985 175423
4608.80823 00557.85985 175424
4608.80823 00557.85985 175425
4608.80823 00557.85985 175426
4608.80823 00557.85985 175427
4608.80823 00557.85985 175428
4608.80823 00557.85985 175429
4608.80823 00557.85985 175430
4608.80823 00557.85985 175431
4608.80823 00557.85985 175432
4608.80823 00557.85985 175433
4608.80823 00557.85985 175434
4608.80823 00557.85985 175435
4608.80823 00557.85985 175436
4608.80823 00557.85985 175437
4608.80823 00557.85985 175438
4608.80822 00557.85986 175439
4608.80822 00557.85986 175440
4608.80822 00557.85985 175441
4608.80822 00557.85985 175442
4608.80822 00557.85985 175443
4608.80822 00557.85985 175444
4608.80822 00557.85985 175445
4608.80822 00557.85985 175446
4608.80823 00557.85985 175447
4608.80823 00557.85985 175448
4608.80823 00557.85986 175449
4608.80823 00557.85985 175450
4608.80823 00557.85985 175451
4608.80823 00557.85985 175452
4608.80823 00557.85985 175453
4608.80823 00557.85986 175454
4608.80823 00557.85985 175455
4608.80823 00557.85985 175456
4608.80823 00557.85985 175457
4608.80823 00557.85985 175458
4608.80823 00557.85985 175459
4608.80823 00557.85985 175500
4608.80823 00557.85985 175501
4608.80823 00557.85985 175502
4608.80823 00557.85985 175503
4608.80823 00557.85985 175504
4608.80823 00557.85985 175505
4608.80823 00557.85985 175506
4608.80823 00557.85985 175507
4608.80823 00557.85985 175508
4608.80823 00557.85985 175509
4608.80823 00557.85985 175510
4608.80823 00557.85985 175511
4608.80823 00557.85985 175512
4608.80823 00557.85984 175513
4608.80823 00557.85984 175514
4608.80823 00557.85984 175515
4608.80823 00557.85984 175516
4608.80823 00557.85984 175517
4608.80823 00557.85984 175518
4608.80823 00557.85984 175519
4608.80823 00557.85984 175520
4608.80823 00557.85984 175521
4608.80823 00557.85984 175522
4608.80823 00557.85984 175523
4608.80823 00557.85984 175524
4608.80823 00557.85984 175525
4608.80823 00557.85984 175526
4608.80823 00557.85984 175527
4608.80823 00557.85984 175528
4608.80823 00557.85984 175529
4608.80823 00557.85984 175530
4608.80823 00557.85984 175531
4608.80823 00557.85984 175532
4608.80823 00557.85984 175533
4608.80823 00557.85984 175534
4608.80823 00557.85984 175535
4608.80823 00557.85984 175536
4608.80823 00557.85984 175537
4608.80823 00557.85985 175538
4608.80823 00557.85985 175539
4608.80823 00557.85985 175540
4608.80823 00557.85985 175541
4608.80823 00557.85985 175542
4608.80823 00557.85984 175543
4608.80823 00557.85985 175544
4608.80823 00557.85985 175545
4608.80823 00557.85984 175546
4608.80823 00557.85985 175547
4608.80823 00557.85984 175548
4608.80823 00557.85984 175549
4608.80823 00557.85984 175550
4608.80823 00557.85984 175551
4608.80823 00557.85984 175552
4608.80823 00557.85984 175553
4608.80823 00557.85984 175554
4608.80823 00557.85984 175555
4608.80823 00557.85984 175556
4608.80823 00557.85984 175557
4608.80823 00557.85984 175558
4608.80823 00557.85984 175559
4608.80823 00557.85984 175600
4608.80823 00557.85984 175601
4608.80823 00557.85984 175602
4608.80823 00557.85984 175603
4608.80823 00557.85984 175604
4608.80823 00557.85984 175605
4608.80823 00557.85985 175606
4608.80823 00557.85985 175607
4608.80823 00557.85985 175608
4608.80823 00557.85984 175609
4608.80823 00557.85984 175610
4608.80823 00557.85984 175611
4608.80823 00557.85984 175612
4608.80823 00557.85984 175613
4608.80823 00557.85984 175614
4608.80822 00557.85984 175615
4608.80822 00557.85984 175616
4608.80822 00557.85984 175617
4608.80823 00557.85984 175618
4608.80823 00557.85984 175619
4608.80823 00557.85985 175620
4608.80823 00557.85984 175621
4608.80823 00557.85984 175622
4608.80823 00557.85984 175623
4608.80823 00557.85984 175624
4608.80823 00557.85984 175625
4608.80823 00557.85984 175626
4608.80823 00557.85984 175627
4608.80823 00557.85984 175628
4608.80823 00557.85984 175629
4608.80823 00557.85984 175630
4608.80823 00557.85984 175631
4608.80823 00557.85984 175632
4608.80823 00557.85984 175633
4608.80823 00557.85985 175634
4608.80823 00557.85985 175635
4608.80823 00557.85985 175636
4608.80823 00557.85985 175637
4608.80823 00557.85985 175638
4608.80823 00557.85985 175639
4608.80823 00557.85985 175640
4608.80823 00557.85985 175641
4608.80823 00557.85985 175642
4608.80823 00557.85985 175643
4608.80823 00557.85985 175644
4608.80823 00557.85985 175645
4608.80823 00557.85985 175646
4608.80823 00557.85985 175647
4608.80823 00557.85985 175648
4608.80823 00557.85985 175649
4608.80823 00557.85985 175650
4608.80823 00557.85985 175651
4608.80823 00557.85985 175652
4608.80823 00557.85985 175653
4608.80823 00557.85985 175654
4608.80823 00557.85985 175655
4608.80823 00557.85985 175656
4608.80823 00557.85985 175657
4608.80823 00557.85984 175658
4608.80823 00557.85984 175659
4608.80823 00557.85984 175700
4608.80823 00557.85984 175701
4608.80823 00557.85984 175702
4608.80823 00557.85984 175703
4608.80823 00557.85984 175704
4608.80823 00557.85984 175705
4608.80823 00557.85984 175706
4608.80823 00557.85984 175707
4608.80823 00557.85984 175708
4608.80823 00557.85984 175709
4608.80823 00557.85984 175710
4608.80823 00557.85984 175711
4608.80823 00557.85984 175712
4608.80823 00557.85984 175713
4608.80823 00557.85984 175714
4608.80823 00557.85984 175715
4608.80823 00557.85984 175716
4608.80823 00557.85984 175717
4608.80823 00557.85984 175718
4608.80823 00557.85984 175719
4608.80823 00557.85984 175720
4608.80823 00557.85984 175721
4608.80823 00557.85984 175722
4608.80823 00557.85984 175723
4608.80823 00557.85984 175724
4608.80823 00557.85984 175725
4608.80823 00557.85984 175726
4608.80823 00557.85984 175727
4608.80823 00557.85984 175728
4608.80823 00557.85984 175729
4608.80823 00557.85984 175730
4608.80823 00557.85984 175731
4608.80823 00557.85984 175732
4608.80823 00557.85984 175733
4608.80823 00557.85984 175734
4608.80823 00557.85984 175735
4608.80823 00557.85984 175736
4608.80823 00557.85984 175737
4608.80823 00557.85984 175738
4608.80823 00557.85984 175739
4608.80823 00557.85984 175740
4608.80823 00557.85984 175741
4608.80822 00557.85984 175742
4608.80822 00557.85984 175743
4608.80822 00557.85984 175744
4608.80823 00557.85984 175745
4608.80823 00557.85984 175746
4608.80823 00557.85984 175747
4608.80823 00557.85984 175748
4608.80822 00557.85984 175749
4608.80822 00557.85984 175750
4608.80822 00557.85984 175751
4608.80823 00557.85984 175752
4608.80822 00557.85984 175753
4608.80822 00557.85984 175754
4608.80822 00557.85984 175755
4608.80822 00557.85984 175756
4608.80822 00557.85984 175757
4608.80823 00557.85985 175758
4608.80823 00557.85985 175759
4608.80823 00557.85985 175800
4608.80823 00557.85985 175801
4608.80823 00557.85985 175802
4608.80822 00557.85985 175803
4608.80822 00557.85985 175804
4608.80822 00557.85985 175805
4608.80822 00557.85985 175806
4608.80822 00557.85985 175807
4608.80822 00557.85985 175808
4608.80822 00557.85985 175809
4608.80822 00557.85985 175810
4608.80822 00557.85984 175811
4608.80822 00557.85985 175812
4608.80822 00557.85985 175813
4608.80822 00557.85985 175814
4608.80822 00557.85985 175815
4608.80822 00557.85985 175816
4608.80822 00557.85985 175817
4608.80822 00557.85985 175818
4608.80822 00557.85985 175819
4608.80822 00557.85985 175820
4608.80822 00557.85985 175821
4608.80822 00557.85985 175822
4608.80822 00557.85985 175823
4608.80822 00557.85985 175824
4608.80822 00557.85985 175825
4608.80823 00557.85985 175826
4608.80823 00557.85985 175827
4608.80823 00557.85985 175828
4608.80823 00557.85985 175829
4608.80822 00557.85985 175830
4608.80822 00557.85985 175831
4608.80823 00557.85985 175832
4608.80823 00557.85986 175833
4608.80822 00557.85986 175834
4608.80822 00557.85986 175835
4608.80822 00557.85986 175836
4608.80823 00557.85986 175837
4608.80823 00557.85986 175838
4608.80823 00557.85986 175839
4608.80823 00557.85986 175840
4608.80822 00557.85986 175841
4608.80822 00557.85986 175842
4608.80822 00557.85986 175843
4608.80822 00557.85986 175844
4608.80823 00557.85986 175845
4608.80823 00557.85986 175846
4608.80822 00557.85986 175847
4608.80822 00557.85986 175848
4608.80822 00557.85986 175849
4608.80822 00557.85986 175850
4608.80823 00557.85985 175851
4608.80823 00557.85985 175852
4608.80823 00557.85985 175853
4608.80823 00557.85985 175854
4608.80823 00557.85986 175855
4608.80822 00557.85985 175856
4608.80822 00557.85986 175857
4608.80822 00557.85986 175858
4608.80823 00557.85985 175859
4608.80823 00557.85985 175900
4608.80823 00557.85985 175901
4608.80823 00557.85985 175902
4608.80823 00557.85985 175903
4608.80823 00557.85985 175904
4608.80823 00557.85985 175905
4608.80823 00557.85985 175906
4608.80823 00557.85985 175907
4608.80823 00557.85985 175908
4608.80823 00557.85985 175909
4608.80823 00557.85985 175910
4608.80823 00557.85985 175911
4608.80823 00557.85985 175912
4608.80823 00557.85985 175913
4608.80823 00557.85985 175914
4608.80822 00557.85986 175915
4608.80823 00557.85986 175916
4608.80823 00557.85986 175917
4608.80823 00557.85986 175918
4608.80823 00557.85986 175919
4608.80824 00557.85986 175920
4608.80823 00557.85986 175921
4608.80824 00557.85986 175922
4608.80824 00557.85986 175923
4608.80824 00557.85986 175924
4608.80824 00557.85986 175925
4608.80824 00557.85986 175926
4608.80824 00557.85986 175927
4608.80824 00557.85986 175928
4608.80824 00557.85986 175929
4608.80824 00557.85986 175930
4608.80824 00557.85986 175931
4608.80824 00557.85986 175932
4608.80824 00557.85986 175933
4608.80824 00557.85986 175934
4608.80824 00557.85986 175935
4608.80824 00557.85986 175936
4608.80824 00557.85986 175937
4608.80824 00557.85986 175938
4608.80824 00557.85986 175939
4608.80824 00557.85986 175940
4608.80824 00557.85986 175941
4608.80824 00557.85986 175942
4608.80824 00557.85986 175943
4608.80824 00557.85986 175944
4608.80824 00557.85986 175945
4608.80824 00557.85986 175946
4608.80824 00557.85986 175947
4608.80824 00557.85986 175948
4608.80824 00557.85986 175949
4608.80824 00557.85986 175950
4608.80824 00557.85986 175951
4608.80824 00557.85986 175952
4608.80824 00557.85986 175953
4608.80824 00557.85986 175954
4608.80824 00557.85986 175955
4608.80824 00557.85986 175956
4608.80824 00557.85986 175957
4608.80824 00557.85986 175958
4608.80824 00557.85986 175959
4608.80823 00557.85986 180000
4608.80824 00557.85986 180001
4608.80823 00557.85986 180002
4608.80823 00557.85986 180003
4608.80823 00557.85986 180004
4608.80823 00557.85986 180005
4608.80823 00557.85986 180006
4608.80823 00557.85986 180007
4608.80823 00557.85985 180008
4608.80823 00557.85986 180009
4608.80823 00557.85986 180010
4608.80823 00557.85986 180011
4608.80823 00557.85986 180012
4608.80823 00557.85986 180013
4608.80823 00557.85986 180014
4608.80823 00557.85986 180015
4608.80823 00557.85986 180016
4608.80823 00557.85986 180017
4608.80823 00557.85986 180018
4608.80823 00557.85986 180019
4608.80823 00557.85986 180020
4608.80823 00557.85986 180021
4608.80823 00557.85986 180022
4608.80823 00557.85985 180023
4608.80823 00557.85985 180024
4608.80823 00557.85985 180025
4608.80823 00557.85985 180026
4608.80823 00557.85986 180027
4608.80823 00557.85986 180028
4608.80823 00557.85985 180029
4608.80824 00557.85986 180030
4608.80823 00557.85985 180031
4608.80824 00557.85986 180032
4608.80824 00557.85986 180033
4608.80823 00557.85986 180034
4608.80824 00557.85986 180035
4608.80824 00557.85986 180036
4608.80824 00557.85986 180037
4608.80824 00557.85986 180038
4608.80824 00557.85986 180039
4608.80823 00557.85986 180040
4608.80823 00557.85985 180041
4608.80823 00557.85985 180042
4608.80823 00557.85985 180043
4608.80823 00557.85985 180044
4608.80823 00557.85985 180045
4608.80822 00557.85985 180046
4608.80823 00557.85985 180047
4608.80823 00557.85985 180048
4608.80823 00557.85985 180049
4608.80822 00557.85985 180050
4608.80823 00557.85986 180051
4608.80822 00557.85985 180052
4608.80823 00557.85986 180053
4608.80823 00557.85986 180054
4608.80823 00557.85985 180055
4608.80823 00557.85986 180056
4608.80823 00557.85986 180057
4608.80824 00557.85986 180058
4608.80823 00557.85985 180059
4608.80824 00557.85985 180100
4608.80823 00557.85985 180101
4608.80823 00557.85985 180102
4608.80823 00557.85985 180103
4608.80823 00557.85985 180104
4608.80823 00557.85985 180105
4608.80823 00557.85985 180106
4608.80823 00557.85985 180107
4608.80824 00557.85985 180108
4608.80824 00557.85985 180109
4608.80824 00557.85985 180110
4608.80824 00557.85986 180111
4608.80824 00557.85986 180112
4608.80824 00557.85986 180113
4608.80824 00557.85986 180114
4608.80824 00557.85986 180115
4608.80824 00557.85986 180116
4608.80824 00557.85986 180117
4608.80824 00557.85986 180118
4608.80824 00557.85986 180119
4608.80824 00557.85986 180120
4608.80824 00557.85986 180121
4608.80824 00557.85985 180122
4608.80824 00557.85986 180123
4608.80824 00557.85986 180124
4608.80824 00557.85986 180125
4608.80824 00557.85986 180126
4608.80824 00557.85986 180127
4608.80824 00557.85986 180128
4608.80824 00557.85986 180129
4608.80824 00557.85985 180130
4608.80824 00557.85985 180131
4608.80824 00557.85985 180132
4608.80824 00557.85985 180133
4608.80824 00557.85985 180134
4608.80824 00557.85986 180135
4608.80824 00557.85986 180136
4608.80824 00557.85986 180137
4608.80823 00557.85985 180138
4608.80823 00557.85985 180139
4608.80823 00557.85985 180140
4608.80823 00557.85985 180141
4608.80823 00557.85985 180142
4608.80823 00557.85985 180143
4608.80823 00557.85985 180144
4608.80823 00557.85985 180145
4608.80823 00557.85986 180146
4608.80823 00557.85985 180147
4608.80823 00557.85986 180148
4608.80823 00557.85985 180149
4608.80823 00557.85985 180150
4608.80823 00557.85986 180151
4608.80823 00557.85986 180152
4608.80823 00557.85986 180153
4608.80823 00557.85986 180154
4608.80823 00557.85986 180155
4608.80823 00557.85986 180156
4608.80823 00557.85986 180157
4608.80823 00557.85986 180158
4608.80824 00557.85986 180159
4608.80824 00557.85986 180200
4608.80823 00557.85986 180201
4608.80824 00557.85986 180202
4608.80823 00557.85985 180203
4608.80824 00557.85986 180204
4608.80823 00557.85985 180205
4608.80823 00557.85985 180206
4608.80823 00557.85985 180207
4608.80823 00557.85985 180208
4608.80823 00557.85985 180209
4608.80823 00557.85985 180210
4608.80823 00557.85985 180211
4608.80823 00557.85985 180212
4608.80823 00557.85985 180213
4608.80823 00557.85985 180214
4608.80823 00557.85985 180215
4608.80823 00557.85985 180216
4608.80823 00557.85985 180217
4608.80823 00557.85985 180218
4608.80823 00557.85985 180219
4608.80823 00557.85985 180220
4608.80823 00557.85985 180221
4608.80823 00557.85985 180222
4608.80823 00557.85985 180223
4608.80823 00557.85985 180224
4608.80823 00557.85985 180225
4608.80823 00557.85985 180226
4608.80823 00557.85985 180227
4608.80823 00557.85986 180228
4608.80823 00557.85985 180229
4608.80823 00557.85985 180230
4608.80823 00557.85985 180231
4608.80823 00557.85986 180232
4608.80823 00557.85986 180233
4608.80823 00557.85986 180234
4608.80823 00557.85986 180235
4608.80823 00557.85986 180236
4608.80823 00557.85985 180237
4608.80823 00557.85985 180238
4608.80823 00557.85985 180239
4608.80823 00557.85985 180240
4608.80823 00557.85985 180241
4608.80823 00557.85985 180242
4608.80823 00557.85985 180243
4608.80823 00557.85985 180244
4608.80823 00557.85985 180245
4608.80823 00557.85985 180246
4608.80823 00557.85985 180247
4608.80823 00557.85985 180248
4608.80823 00557.85985 180249
4608.80823 00557.85985 180250
4608.80823 00557.85985 180251
4608.80822 00557.85985 180252
4608.80822 00557.85985 180253
4608.80823 00557.85985 180254
4608.80823 00557.85985 180255
4608.80823 00557.85985 180256
4608.80823 00557.85985 180257
4608.80823 00557.85985 180258
4608.80823 00557.85985 180259
4608.80823 00557.85985 180300
4608.80823 00557.85985 180301
4608.80823 00557.85985 180302
4608.80823 00557.85985 180303
4608.80823 00557.85985 180304
4608.80823 00557.85985 180305
4608.80823 00557.85985 180306
4608.80823 00557.85985 180307
4608.80823 00557.85985 180308
4608.80823 00557.85985 180309
4608.80823 00557.85985 180310
4608.80823 00557.85985 180311
4608.80823 00557.85985 180312
4608.80823 00557.85985 180313
4608.80823 00557.85985 180314
4608.80823 00557.85985 180315
4608.80823 00557.85985 180316
4608.80823 00557.85985 180317
4608.80823 00557.85985 180318
4608.80823 00557.85985 180319
4608.80823 00557.85985 180320
4608.80823 00557.85985 180321
4608.80823 00557.85985 180322
4608.80823 00557.85985 180323
4608.80823 00557.85985 180324
4608.80823 00557.85985 180325
4608.80823 00557.85985 180326
4608.80823 00557.85984 180327
4608.80823 00557.85985 180328
4608.80823 00557.85985 180329
4608.80823 00557.85985 180330
4608.80823 00557.85985 180331
4608.80823 00557.85985 180332
4608.80823 00557.85985 180333
4608.80823 00557.85985 180334
4608.80823 00557.85984 180335
4608.80823 00557.85985 180336
4608.80823 00557.85985 180337
4608.80823 00557.85985 180338
4608.80823 00557.85985 180339
4608.80823 00557.85985 180340
4608.80823 00557.85985 180341
4608.80823 00557.85985 180342
4608.80823 00557.85985 180343
4608.80823 00557.85985 180344
4608.80823 00557.85985 180345
4608.80823 00557.85985 180346
4608.80823 00557.85985 180347
4608.80823 00557.85985 180348
4608.80823 00557.85985 180349
4608.80823 00557.85985 180350
4608.80823 00557.85985 180351
4608.80823 00557.85985 180352
4608.80823 00557.85985 180353
4608.80823 00557.85985 180354
4608.80823 00557.85985 180355
4608.80824 00557.85985 180356
4608.80823 00557.85985 180357
4608.80824 00557.85985 180358
4608.80824 00557.85985 180359
4608.80824 00557.85985 180400
4608.80824 00557.85985 180401
4608.80823 00557.85985 180402
4608.80824 00557.85985 180403
4608.80824 00557.85985 180404
4608.80824 00557.85985 180405
4608.80823 00557.85985 180406
4608.80824 00557.85985 180407
4608.80824 00557.85985 180408
4608.80824 00557.85985 180409
4608.80824 00557.85985 180410
4608.80823 00557.85985 180411
4608.80823 00557.85985 180412
4608.80823 00557.85985 180413
4608.80824 00557.85985 180414
4608.80824 00557.85985 180415
4608.80824 00557.85985 180416
4608.80823 00557.85985 180417
4608.80823 00557.85985 180418
4608.80823 00557.85985 180419
4608.80823 00557.85985 180420
4608.80823 00557.85985 180421
4608.80823 00557.85985 180422
4608.80823 00557.85985 180423
4608.80823 00557.85985 180424
4608.80823 00557.85985 180425
4608.80823 00557.85985 180426
4608.80824 00557.85985 180427
4608.80824 00557.85985 180428
4608.80823 00557.85985 180429
4608.80823 00557.85985 180430
4608.80823 00557.85985 180431
4608.80823 00557.85986 180432
4608.80823 00557.85986 180433
4608.80823 00557.85986 180434
4608.80823 00557.85986 180435
4608.80823 00557.85986 180436
4608.80824 00557.85986 180437
4608.80823 00557.85986 180438
4608.80823 00557.85986 180439
4608.80823 00557.85986 180440
4608.80823 00557.85986 180441
4608.80823 00557.85986 180442
4608.80823 00557.85986 180443
4608.80823 00557.85986 180444
4608.80823 00557.85986 180445
4608.80823 00557.85986 180446
4608.80823 00557.85986 180447
4608.80823 00557.85986 180448
4608.80823 00557.85986 180449
4608.80823 00557.85986 180450
4608.80823 00557.85985 180451
4608.80823 00557.85986 180452
4608.80823 00557.85986 180453
4608.80823 00557.85985 180454
4608.80823 00557.85985 180455
4608.80823 00557.85986 180456
4608.80823 00557.85986 180457
4608.80823 00557.85985 180458
4608.80823 00557.85986 180459
4608.80823 00557.85986 180500
4608.80824 00557.85986 180501
4608.80824 00557.85986 180502
4608.80824 00557.85986 180503
4608.80823 00557.85986 180504
4608.80823 00557.85986 180505
4608.80824 00557.85986 180506
4608.80824 00557.85986 180507
4608.80824 00557.85986 180508
4608.80824 00557.85986 180509
4608.80823 00557.85986 180510
4608.80824 00557.85986 180511
4608.80824 00557.85986 180512
4608.80823 00557.85986 180513
4608.80823 00557.85986 180514
4608.80823 00557.85986 180515
4608.80824 00557.85986 180516
4608.80823 00557.85986 180517
4608.80823 00557.85986 180518
4608.80824 00557.85986 180519
4608.80824 00557.85986 180520
4608.80823 00557.85986 180521
4608.80823 00557.85986 180522
4608.80824 00557.85986 180523
4608.80824 00557.85986 180524
4608.80824 00557.85986 180525
4608.80824 00557.85986 180526
4608.80824 00557.85986 180527
4608.80824 00557.85986 180528
4608.80824 00557.85986 180529
4608.80824 00557.85986 180530
4608.80824 00557.85986 180531
4608.80824 00557.85986 180532
4608.80824 00557.85986 180533
4608.80824 00557.85986 180534
4608.80824 00557.85986 180535
4608.80824 00557.85986 180536
4608.80824 00557.85987 180537
4608.80824 00557.85987 180538
4608.80824 00557.85987 180539
4608.80824 00557.85987 180540
4608.80824 00557.85987 180541
4608.80824 00557.85987 180542
4608.80824 00557.85987 180543
4608.80824 00557.85987 180544
4608.80824 00557.85987 180545
4608.80824 00557.85987 180546
4608.80824 00557.85987 180547
4608.80824 00557.85987 180548
4608.80824 00557.85987 180549
4608.80824 00557.85987 180550
4608.80824 00557.85987 180551
4608.80823 00557.85987 180552
4608.80824 00557.85987 180553
4608.80824 00557.85987 180554
4608.80824 00557.85987 180555
4608.80824 00557.85987 180556
4608.80824 00557.85987 180557
4608.80824 00557.85987 180558
4608.80824 00557.85987 180559