4611.47788 00557.56317 152600
4611.47788 00557.56317 152601
4611.47788 00557.56317 152602
4611.47788 00557.56317 152603
4611.47788 00557.56317 152604
4611.47788 00557.56317 152605
4611.47788 00557.56317 152606
4611.47788 00557.56317 152607
4611.47788 00557.56317 152608
4611.47788 00557.56317 152609
4611.47788 00557.56317 152610
4611.47788 00557.56317 152611
4611.47788 00557.56317 152612
4611.47788 00557.56317 152613
4611.47788 00557.56317 152614
4611.47788 00557.56317 152615
4611.47788 00557.56317 152616
4611.47788 00557.56317 152617
4611.47788 00557.56317 152618
4611.47788 00557.56317 152619
4611.47788 00557.56317 152620
4611.47788 00557.56317 152621
4611.47788 00557.56317 152622
4611.47788 00557.56317 152623
4611.47788 00557.56317 152624
4611.47788 00557.56317 152625
4611.47788 00557.56317 152626
4611.47788 00557.56317 152627
4611.47788 00557.56317 152628
4611.47788 00557.56317 152629
4611.47788 00557.56317 152630
4611.47788 00557.56317 152631
4611.47788 00557.56317 152632
4611.47788 00557.56317 152633
4611.47788 00557.56317 152634
4611.47788 00557.56317 152635
4611.47788 00557.56317 152636
4611.47788 00557.56317 152637
4611.47788 00557.56317 152638
4611.47788 00557.56317 152639
4611.47788 00557.56317 152640
4611.47788 00557.56317 152641
4611.47788 00557.56317 152642
4611.47788 00557.56317 152643
4611.47788 00557.56317 152644
4611.47788 00557.56317 152645
4611.47788 00557.56317 152646
4611.47788 00557.56317 152647
4611.47788 00557.56317 152648
4611.47788 00557.56317 152649
4611.47788 00557.56317 152650
4611.47788 00557.56317 152651
4611.47788 00557.56317 152652
4611.47788 00557.56317 152653
4611.47788 00557.56317 152654
4611.47788 00557.56317 152655
4611.47788 00557.56317 152656
4611.47788 00557.56317 152657
4611.47788 00557.56317 152658
4611.47788 00557.56317 152659
4611.47788 00557.56317 152700
4611.47788 00557.56317 152701
4611.47788 00557.56317 152702
4611.47788 00557.56317 152703
4611.47788 00557.56317 152704
4611.47788 00557.56317 152705
4611.47788 00557.56317 152706
4611.47788 00557.56317 152707
4611.47788 00557.56317 152708
4611.47788 00557.56317 152709
4611.47788 00557.56317 152710
4611.47788 00557.56317 152711
4611.47788 00557.56317 152712
4611.47788 00557.56317 152713
4611.47788 00557.56317 152714
4611.47788 00557.56317 152715
4611.47788 00557.56317 152716
4611.47788 00557.56317 152717
4611.47788 00557.56317 152718
4611.47788 00557.56317 152719
4611.47788 00557.56317 152720
4611.47788 00557.56317 152721
4611.47788 00557.56317 152722
4611.47788 00557.56317 152723
4611.47788 00557.56317 152724
4611.47788 00557.56317 152725
4611.47788 00557.56317 152726
4611.47788 00557.56317 152727
4611.47788 00557.56317 152728
4611.47788 00557.56317 152729
4611.47788 00557.56317 152730
4611.47788 00557.56317 152731
4611.47788 00557.56317 152732
4611.47788 00557.56317 152733
4611.47788 00557.56317 152734
4611.47788 00557.56317 152735
4611.47788 00557.56317 152736
4611.47788 00557.56317 152737
4611.47788 00557.56317 152738
4611.47788 00557.56317 152739
4611.47788 00557.56317 152740
4611.47788 00557.56317 152741
4611.47788 00557.56317 152742
4611.47788 00557.56317 152743
4611.47788 00557.56317 152744
4611.47788 00557.56317 152745
4611.47788 00557.56317 152746
4611.47788 00557.56317 152747
4611.47788 00557.56317 152748
4611.47788 00557.56317 152749
4611.47788 00557.56317 152750
4611.47788 00557.56317 152751
4611.47788 00557.56317 152752
4611.47788 00557.56317 152753
4611.47788 00557.56317 152754
4611.47788 00557.56317 152755
4611.47788 00557.56317 152756
4611.47788 00557.56317 152757
4611.47788 00557.56317 152758
4611.47788 00557.56317 152759
4611.47788 00557.56317 152800
4611.47788 00557.56317 152801
4611.47788 00557.56317 152802
4611.47788 00557.56317 152803
4611.47788 00557.56317 152804
4611.47788 00557.56317 152805
4611.47788 00557.56317 152806
4611.47788 00557.56317 152807
4611.47788 00557.56317 152808
4611.47788 00557.56317 152809
4611.47788 00557.56317 152810
4611.47788 00557.56317 152811
4611.47788 00557.56317 152812
4611.47788 00557.56317 152813
4611.47788 00557.56317 152814
4611.47788 00557.56317 152815
4611.47788 00557.56317 152816
4611.47788 00557.56317 152817
4611.47788 00557.56317 152818
4611.47788 00557.56317 152819
4611.47788 00557.56317 152820
4611.47788 00557.56317 152821
4611.47788 00557.56317 152822
4611.47788 00557.56317 152823
4611.47788 00557.56317 152824
4611.47788 00557.56317 152825
4611.47788 00557.56317 152826
4611.47787 00557.56317 152827
4611.47788 00557.56317 152828
4611.47788 00557.56317 152829
4611.47788 00557.56317 152830
4611.47788 00557.56317 152831
4611.47788 00557.56317 152832
4611.47788 00557.56317 152833
4611.47788 00557.56317 152834
4611.47788 00557.56317 152835
4611.47788 00557.56317 152836
4611.47788 00557.56317 152837
4611.47788 00557.56317 152838
4611.47788 00557.56317 152839
4611.47788 00557.56317 152840
4611.47788 00557.56317 152841
4611.47788 00557.56317 152842
4611.47788 00557.56317 152843
4611.47788 00557.56317 152844
4611.47788 00557.56317 152845
4611.47788 00557.56317 152846
4611.47788 00557.56317 152847
4611.47788 00557.56317 152848
4611.47788 00557.56317 152849
4611.47788 00557.56317 152850
4611.47788 00557.56317 152851
4611.47788 00557.56317 152852
4611.47788 00557.56317 152853
4611.47788 00557.56317 152854
4611.47788 00557.56317 152855
4611.47788 00557.56317 152856
4611.47788 00557.56317 152857
4611.47788 00557.56317 152858
4611.47788 00557.56317 152859
4611.47788 00557.56317 152900
4611.47787 00557.56317 152901
4611.47788 00557.56317 152902
4611.47788 00557.56317 152903
4611.47788 00557.56317 152904
4611.47788 00557.56317 152905
4611.47788 00557.56317 152906
4611.47787 00557.56317 152907
4611.47787 00557.56317 152908
4611.47787 00557.56317 152909
4611.47788 00557.56317 152910
4611.47788 00557.56317 152911
4611.47788 00557.56317 152912
4611.47788 00557.56317 152913
4611.47787 00557.56317 152914
4611.47788 00557.56317 152915
4611.47788 00557.56317 152916
4611.47788 00557.56317 152917
4611.47788 00557.56317 152918
4611.47788 00557.56317 152919
4611.47788 00557.56317 152920
4611.47788 00557.56317 152921
4611.47788 00557.56317 152922
4611.47788 00557.56317 152923
4611.47788 00557.56317 152924
4611.47788 00557.56317 152925
4611.47788 00557.56317 152926
4611.47788 00557.56317 152927
4611.47788 00557.56317 152928
4611.47788 00557.56317 152929
4611.47787 00557.56317 152930
4611.47787 00557.56317 152931
4611.47788 00557.56317 152932
4611.47787 00557.56317 152933
4611.47788 00557.56317 152934
4611.47787 00557.56317 152935
4611.47788 00557.56317 152936
4611.47787 00557.56317 152937
4611.47788 00557.56317 152938
4611.47788 00557.56317 152939
4611.47788 00557.56317 152940
4611.47788 00557.56317 152941
4611.47787 00557.56317 152942
4611.47787 00557.56317 152943
4611.47788 00557.56317 152944
4611.47788 00557.56317 152945
4611.47787 00557.56317 152946
4611.47788 00557.56317 152947
4611.47788 00557.56317 152948
4611.47788 00557.56317 152949
4611.47788 00557.56317 152950
4611.47788 00557.56317 152951
4611.47787 00557.56317 152952
4611.47788 00557.56317 152953
4611.47788 00557.56317 152954
4611.47788 00557.56317 152955
4611.47788 00557.56317 152956
4611.47788 00557.56317 152957
4611.47788 00557.56317 152958
4611.47788 00557.56317 152959
4611.47788 00557.56317 153000
4611.47788 00557.56317 153001
4611.47788 00557.56317 153002
4611.47788 00557.56317 153003
4611.47788 00557.56317 153004
4611.47788 00557.56317 153005
4611.47788 00557.56317 153006
4611.47788 00557.56317 153007
4611.47788 00557.56317 153008
4611.47788 00557.56317 153009
4611.47788 00557.56317 153010
4611.47788 00557.56317 153011
4611.47788 00557.56317 153012
4611.47788 00557.56317 153013
4611.47788 00557.56317 153014
4611.47788 00557.56317 153015
4611.47788 00557.56317 153016
4611.47788 00557.56317 153017
4611.47788 00557.56317 153018
4611.47788 00557.56317 153019
4611.47788 00557.56317 153020
4611.47788 00557.56317 153021
4611.47787 00557.56317 153022
4611.47788 00557.56317 153023
4611.47788 00557.56317 153024
4611.47788 00557.56317 153025
4611.47788 00557.56317 153026
4611.47788 00557.56317 153027
4611.47788 00557.56317 153028
4611.47788 00557.56317 153029
4611.47788 00557.56317 153030
4611.47788 00557.56317 153031
4611.47788 00557.56317 153032
4611.47788 00557.56317 153033
4611.47788 00557.56317 153034
4611.47788 00557.56317 153035
4611.47788 00557.56317 153036
4611.47788 00557.56317 153037
4611.47788 00557.56317 153038
4611.47788 00557.56317 153039
4611.47787 00557.56317 153040
4611.47787 00557.56317 153041
4611.47788 00557.56317 153042
4611.47788 00557.56317 153043
4611.47787 00557.56317 153044
4611.47787 00557.56317 153045
4611.47788 00557.56317 153046
4611.47788 00557.56317 153047
4611.47788 00557.56317 153048
4611.47788 00557.56317 153049
4611.47788 00557.56317 153050
4611.47788 00557.56317 153051
4611.47788 00557.56317 153052
4611.47788 00557.56317 153053
4611.47788 00557.56317 153054
4611.47788 00557.56317 153055
4611.47788 00557.56317 153056
4611.47788 00557.56317 153057
4611.47788 00557.56317 153058
4611.47788 00557.56317 153059
4611.47788 00557.56317 153100
4611.47788 00557.56317 153101
4611.47788 00557.56317 153102
4611.47788 00557.56317 153103
4611.47788 00557.56317 153104
4611.47788 00557.56317 153105
4611.47788 00557.56317 153106
4611.47788 00557.56317 153107
4611.47788 00557.56317 153108
4611.47788 00557.56317 153109
4611.47788 00557.56317 153110
4611.47787 00557.56317 153111
4611.47788 00557.56317 153112
4611.47788 00557.56317 153113
4611.47788 00557.56317 153114
4611.47788 00557.56317 153115
4611.47788 00557.56317 153116
4611.47788 00557.56317 153117
4611.47788 00557.56317 153118
4611.47787 00557.56317 153119
4611.47788 00557.56317 153120
4611.47788 00557.56317 153121
4611.47788 00557.56317 153122
4611.47788 00557.56317 153123
4611.47787 00557.56317 153124
4611.47788 00557.56317 153125
4611.47788 00557.56317 153126
4611.47788 00557.56317 153127
4611.47788 00557.56317 153128
4611.47787 00557.56317 153129
4611.47787 00557.56317 153130
4611.47788 00557.56317 153131
4611.47788 00557.56317 153132
4611.47788 00557.56317 153133
4611.47788 00557.56317 153134
4611.47788 00557.56317 153135
4611.47788 00557.56317 153136
4611.47787 00557.56317 153137
4611.47787 00557.56317 153138
4611.47788 00557.56317 153139
4611.47788 00557.56317 153140
4611.47788 00557.56317 153141
4611.47788 00557.56317 153142
4611.47788 00557.56317 153143
4611.47788 00557.56317 153144
4611.47788 00557.56317 153145
4611.47788 00557.56317 153146
4611.47788 00557.56317 153147
4611.47788 00557.56317 153148
4611.47788 00557.56317 153149
4611.47788 00557.56317 153150
4611.47788 00557.56317 153151
4611.47788 00557.56317 153152
4611.47788 00557.56317 153153
4611.47787 00557.56317 153154
4611.47788 00557.56317 153155
4611.47788 00557.56317 153156
4611.47788 00557.56317 153157
4611.47788 00557.56317 153158
4611.47788 00557.56317 153159
4611.47788 00557.56317 153200
4611.47787 00557.56317 153201
4611.47788 00557.56317 153202
4611.47788 00557.56317 153203
4611.47788 00557.56317 153204
4611.47788 00557.56317 153205
4611.47788 00557.56317 153206
4611.47788 00557.56317 153207
4611.47788 00557.56317 153208
4611.47788 00557.56317 153209
4611.47788 00557.56317 153210
4611.47788 00557.56317 153211
4611.47788 00557.56317 153212
4611.47788 00557.56317 153213
4611.47788 00557.56317 153214
4611.47788 00557.56317 153215
4611.47788 00557.56317 153216
4611.47788 00557.56317 153217
4611.47788 00557.56317 153218
4611.47788 00557.56317 153219
4611.47788 00557.56317 153220
4611.47788 00557.56317 153221
4611.47788 00557.56317 153222
4611.47788 00557.56317 153223
4611.47788 00557.56317 153224
4611.47788 00557.56317 153225
4611.47788 00557.56317 153226
4611.47788 00557.56317 153227
4611.47788 00557.56317 153228
4611.47788 00557.56317 153229
4611.47788 00557.56317 153230
4611.47788 00557.56317 153231
4611.47788 00557.56317 153232
4611.47788 00557.56317 153233
4611.47788 00557.56317 153234
4611.47788 00557.56317 153235
4611.47788 00557.56317 153236
4611.47788 00557.56317 153237
4611.47788 00557.56317 153238
4611.47788 00557.56317 153239
4611.47788 00557.56317 153240
4611.47788 00557.56317 153241
4611.47788 00557.56317 153242
4611.47788 00557.56317 153243
4611.47788 00557.56317 153244
4611.47788 00557.56317 153245
4611.47788 00557.56317 153246
4611.47788 00557.56317 153247
4611.47788 00557.56317 153248
4611.47788 00557.56317 153249
4611.47788 00557.56317 153250
4611.47788 00557.56317 153251
4611.47788 00557.56317 153252
4611.47788 00557.56317 153253
4611.47788 00557.56317 153254
4611.47788 00557.56317 153255
4611.47788 00557.56317 153256
4611.47788 00557.56317 153257
4611.47788 00557.56317 153258
4611.47788 00557.56317 153259
4611.47788 00557.56317 153300
4611.47788 00557.56317 153301
4611.47788 00557.56317 153302
4611.47788 00557.56317 153303
4611.47788 00557.56317 153304
4611.47788 00557.56317 153305
4611.47788 00557.56317 153306
4611.47788 00557.56317 153307
4611.47788 00557.56317 153308
4611.47788 00557.56317 153309
4611.47788 00557.56317 153310
4611.47788 00557.56317 153311
4611.47788 00557.56317 153312
4611.47788 00557.56317 153313
4611.47788 00557.56317 153314
4611.47788 00557.56317 153315
4611.47788 00557.56317 153316
4611.47788 00557.56317 153317
4611.47788 00557.56317 153318
4611.47788 00557.56317 153319
4611.47788 00557.56317 153320
4611.47788 00557.56317 153321
4611.47788 00557.56317 153322
4611.47788 00557.56317 153323
4611.47788 00557.56317 153324
4611.47788 00557.56317 153325
4611.47788 00557.56317 153326
4611.47788 00557.56317 153327
4611.47788 00557.56317 153328
4611.47788 00557.56317 153329
4611.47788 00557.56317 153330
4611.47788 00557.56317 153331
4611.47788 00557.56317 153332
4611.47788 00557.56317 153333
4611.47788 00557.56317 153334
4611.47788 00557.56317 153335
4611.47788 00557.56317 153336
4611.47788 00557.56317 153337
4611.47788 00557.56317 153338
4611.47788 00557.56317 153339
4611.47788 00557.56317 153340
4611.47788 00557.56317 153341
4611.47788 00557.56317 153342
4611.47788 00557.56317 153343
4611.47788 00557.56317 153344
4611.47788 00557.56317 153345
4611.47788 00557.56317 153346
4611.47788 00557.56317 153347
4611.47788 00557.56317 153348
4611.47788 00557.56317 153349
4611.47788 00557.56317 153350
4611.47788 00557.56317 153351
4611.47788 00557.56317 153352
4611.47788 00557.56317 153353
4611.47788 00557.56317 153354
4611.47788 00557.56317 153355
4611.47788 00557.56317 153356
4611.47788 00557.56317 153357
4611.47788 00557.56317 153358
4611.47788 00557.56317 153359
4611.47788 00557.56317 153400
4611.47788 00557.56317 153401
4611.47788 00557.56317 153402
4611.47788 00557.56317 153403
4611.47788 00557.56317 153404
4611.47788 00557.56317 153405
4611.47788 00557.56317 153406
4611.47788 00557.56317 153407
4611.47788 00557.56317 153408
4611.47788 00557.56317 153409
4611.47788 00557.56317 153410
4611.47788 00557.56317 153411
4611.47788 00557.56317 153412
4611.47788 00557.56317 153413
4611.47788 00557.56317 153414
4611.47788 00557.56317 153415
4611.47788 00557.56317 153416
4611.47788 00557.56317 153417
4611.47788 00557.56317 153418
4611.47788 00557.56317 153419
4611.47788 00557.56317 153420
4611.47788 00557.56317 153421
4611.47788 00557.56317 153422
4611.47788 00557.56317 153423
4611.47788 00557.56317 153424
4611.47788 00557.56317 153425
4611.47788 00557.56317 153426
4611.47788 00557.56317 153427
4611.47788 00557.56317 153428
4611.47788 00557.56317 153429
4611.47788 00557.56317 153430
4611.47788 00557.56317 153431
4611.47788 00557.56317 153432
4611.47788 00557.56317 153433
4611.47788 00557.56317 153434
4611.47788 00557.56317 153435
4611.47788 00557.56317 153436
4611.47788 00557.56317 153437
4611.47788 00557.56317 153438
4611.47788 00557.56317 153439
4611.47788 00557.56317 153440
4611.47788 00557.56317 153441
4611.47788 00557.56317 153442
4611.47788 00557.56317 153443
4611.47788 00557.56317 153444
4611.47788 00557.56316 153445
4611.47788 00557.56317 153446
4611.47788 00557.56317 153447
4611.47788 00557.56317 153448
4611.47788 00557.56316 153449
4611.47788 00557.56317 153450
4611.47788 00557.56317 153451
4611.47788 00557.56317 153452
4611.47788 00557.56317 153453
4611.47788 00557.56317 153454
4611.47788 00557.56317 153455
4611.47788 00557.56317 153456
4611.47788 00557.56317 153457
4611.47788 00557.56317 153458
4611.47788 00557.56317 153459
4611.47788 00557.56317 153500
4611.47788 00557.56317 153501
4611.47788 00557.56317 153502
4611.47788 00557.56317 153503
4611.47788 00557.56317 153504
4611.47788 00557.56317 153505
4611.47788 00557.56317 153506
4611.47788 00557.56317 153507
4611.47788 00557.56317 153508
4611.47788 00557.56317 153509
4611.47788 00557.56317 153510
4611.47788 00557.56317 153511
4611.47788 00557.56317 153512
4611.47788 00557.56317 153513
4611.47788 00557.56317 153514
4611.47788 00557.56317 153515
4611.47788 00557.56317 153516
4611.47788 00557.56317 153517
4611.47788 00557.56317 153518
4611.47788 00557.56317 153519
4611.47788 00557.56317 153520
4611.47788 00557.56317 153521
4611.47788 00557.56317 153522
4611.47788 00557.56317 153523
4611.47788 00557.56317 153524
4611.47788 00557.56317 153525
4611.47788 00557.56317 153526
4611.47788 00557.56316 153527
4611.47788 00557.56317 153528
4611.47788 00557.56317 153529
4611.47788 00557.56317 153530
4611.47788 00557.56316 153531
4611.47788 00557.56316 153532
4611.47788 00557.56317 153533
4611.47788 00557.56316 153534
4611.47788 00557.56317 153535
4611.47788 00557.56317 153536
4611.47788 00557.56316 153537
4611.47788 00557.56317 153538
4611.47788 00557.56317 153539
4611.47788 00557.56317 153540
4611.47788 00557.56317 153541
4611.47788 00557.56317 153542
4611.47788 00557.56317 153543
4611.47788 00557.56317 153544
4611.47788 00557.56317 153545
4611.47788 00557.56317 153546
4611.47788 00557.56317 153547
4611.47788 00557.56317 153548
4611.47788 00557.56317 153549
4611.47788 00557.56317 153550
4611.47788 00557.56317 153551
4611.47788 00557.56317 153552
4611.47788 00557.56317 153553
4611.47788 00557.56317 153554
4611.47788 00557.56317 153555
4611.47788 00557.56317 153556
4611.47788 00557.56317 153557
4611.47788 00557.56317 153558
4611.47788 00557.56317 153559
4611.47788 00557.56317 153600
4611.47788 00557.56317 153601
4611.47788 00557.56317 153602
4611.47788 00557.56317 153603
4611.47788 00557.56317 153604
4611.47788 00557.56317 153605
4611.47788 00557.56317 153606
4611.47788 00557.56317 153607
4611.47788 00557.56317 153608
4611.47788 00557.56317 153609
4611.47788 00557.56317 153610
4611.47788 00557.56317 153611
4611.47788 00557.56317 153612
4611.47788 00557.56317 153613
4611.47788 00557.56317 153614
4611.47788 00557.56317 153615
4611.47788 00557.56317 153616
4611.47788 00557.56317 153617
4611.47788 00557.56317 153618
4611.47788 00557.56317 153619
4611.47788 00557.56317 153620
4611.47788 00557.56317 153621
4611.47788 00557.56317 153622
4611.47788 00557.56317 153623
4611.47788 00557.56317 153624
4611.47788 00557.56317 153625
4611.47788 00557.56317 153626
4611.47788 00557.56317 153627
4611.47788 00557.56317 153628
4611.47788 00557.56317 153629
4611.47788 00557.56317 153630
4611.47788 00557.56317 153631
4611.47788 00557.56317 153632
4611.47788 00557.56317 153633
4611.47788 00557.56317 153634
4611.47788 00557.56317 153635
4611.47788 00557.56317 153636
4611.47788 00557.56317 153637
4611.47788 00557.56317 153638
4611.47788 00557.56317 153639
4611.47788 00557.56317 153640
4611.47788 00557.56317 153641
4611.47788 00557.56317 153642
4611.47788 00557.56317 153643
4611.47788 00557.56317 153644
4611.47788 00557.56317 153645
4611.47788 00557.56317 153646
4611.47788 00557.56317 153647
4611.47788 00557.56317 153648
4611.47788 00557.56317 153649
4611.47788 00557.56317 153650
4611.47788 00557.56317 153651
4611.47788 00557.56317 153652
4611.47788 00557.56317 153653
4611.47788 00557.56317 153654
4611.47788 00557.56317 153655
4611.47788 00557.56317 153656
4611.47788 00557.56317 153657
4611.47788 00557.56317 153658
4611.47788 00557.56317 153659
4611.47788 00557.56317 153700
4611.47788 00557.56317 153701
4611.47788 00557.56317 153702
4611.47788 00557.56317 153703
4611.47788 00557.56317 153704
4611.47788 00557.56317 153705
4611.47788 00557.56317 153706
4611.47788 00557.56317 153707
4611.47788 00557.56317 153708
4611.47788 00557.56317 153709
4611.47788 00557.56317 153710
4611.47788 00557.56317 153711
4611.47788 00557.56317 153712
4611.47788 00557.56317 153713
4611.47788 00557.56317 153714
4611.47788 00557.56317 153715
4611.47788 00557.56317 153716
4611.47788 00557.56317 153717
4611.47788 00557.56317 153718
4611.47788 00557.56317 153719
4611.47788 00557.56317 153720
4611.47788 00557.56317 153721
4611.47788 00557.56317 153722
4611.47788 00557.56317 153723
4611.47788 00557.56317 153724
4611.47788 00557.56317 153725
4611.47788 00557.56317 153726
4611.47788 00557.56317 153727
4611.47788 00557.56317 153728
4611.47788 00557.56317 153729
4611.47788 00557.56317 153730
4611.47788 00557.56317 153731
4611.47788 00557.56317 153732
4611.47788 00557.56317 153733
4611.47788 00557.56317 153734
4611.47788 00557.56317 153735
4611.47788 00557.56317 153736
4611.47788 00557.56317 153737
4611.47788 00557.56317 153738
4611.47788 00557.56317 153739
4611.47788 00557.56317 153740
4611.47788 00557.56317 153741
4611.47788 00557.56317 153742
4611.47788 00557.56317 153743
4611.47788 00557.56317 153744
4611.47788 00557.56317 153745
4611.47788 00557.56317 153746
4611.47788 00557.56317 153747
4611.47788 00557.56317 153748
4611.47788 00557.56317 153749
4611.47788 00557.56317 153750
4611.47788 00557.56317 153751
4611.47788 00557.56317 153752
4611.47788 00557.56317 153753
4611.47788 00557.56317 153754
4611.47788 00557.56317 153755
4611.47788 00557.56317 153756
4611.47788 00557.56317 153757
4611.47788 00557.56317 153758
4611.47788 00557.56317 153759
4611.47788 00557.56317 153800
4611.47788 00557.56317 153801
4611.47788 00557.56317 153802
4611.47788 00557.56317 153803
4611.47788 00557.56317 153804
4611.47788 00557.56317 153805
4611.47788 00557.56317 153806
4611.47788 00557.56317 153807
4611.47788 00557.56317 153808
4611.47788 00557.56317 153809
4611.47788 00557.56317 153810
4611.47788 00557.56317 153811
4611.47788 00557.56317 153812
4611.47788 00557.56317 153813
4611.47788 00557.56317 153814
4611.47788 00557.56317 153815
4611.47788 00557.56317 153816
4611.47788 00557.56317 153817
4611.47788 00557.56317 153818
4611.47788 00557.56317 153819
4611.47788 00557.56317 153820
4611.47788 00557.56317 153821
4611.47788 00557.56317 153822
4611.47788 00557.56317 153823
4611.47788 00557.56317 153824
4611.47788 00557.56317 153825
4611.47788 00557.56317 153826
4611.47788 00557.56317 153827
4611.47788 00557.56317 153828
4611.47788 00557.56317 153829
4611.47788 00557.56317 153830
4611.47788 00557.56317 153831
4611.47788 00557.56317 153832
4611.47788 00557.56317 153833
4611.47788 00557.56317 153834
4611.47788 00557.56317 153835
4611.47788 00557.56317 153836
4611.47788 00557.56317 153837
4611.47788 00557.56317 153838
4611.47788 00557.56317 153839
4611.47788 00557.56317 153840
4611.47788 00557.56317 153841
4611.47788 00557.56317 153842
4611.47788 00557.56317 153843
4611.47788 00557.56317 153844
4611.47788 00557.56317 153845
4611.47788 00557.56317 153846
4611.47788 00557.56317 153847
4611.47788 00557.56317 153848
4611.47788 00557.56317 153849
4611.47788 00557.56317 153850
4611.47788 00557.56317 153851
4611.47788 00557.56317 153852
4611.47788 00557.56317 153853
4611.47788 00557.56317 153854
4611.47788 00557.56317 153855
4611.47788 00557.56317 153856
4611.47788 00557.56317 153857
4611.47788 00557.56317 153858
4611.47788 00557.56317 153859
4611.47788 00557.56317 153900
4611.47788 00557.56317 153901
4611.47788 00557.56317 153902
4611.47788 00557.56317 153903
4611.47788 00557.56317 153904
4611.47788 00557.56317 153905
4611.47788 00557.56317 153906
4611.47788 00557.56317 153907
4611.47788 00557.56317 153908
4611.47788 00557.56317 153909
4611.47788 00557.56317 153910
4611.47788 00557.56317 153911
4611.47788 00557.56317 153912
4611.47788 00557.56317 153913
4611.47788 00557.56317 153914
4611.47788 00557.56317 153915
4611.47788 00557.56317 153916
4611.47788 00557.56317 153917
4611.47788 00557.56317 153918
4611.47788 00557.56317 153919
4611.47788 00557.56317 153920
4611.47788 00557.56317 153921
4611.47788 00557.56317 153922
4611.47788 00557.56317 153923
4611.47788 00557.56317 153924
4611.47788 00557.56317 153925
4611.47788 00557.56317 153926
4611.47788 00557.56317 153927
4611.47788 00557.56317 153928
4611.47788 00557.56317 153929
4611.47788 00557.56317 153930
4611.47788 00557.56317 153931
4611.47788 00557.56317 153932
4611.47788 00557.56317 153933
4611.47788 00557.56317 153934
4611.47788 00557.56317 153935
4611.47788 00557.56317 153936
4611.47788 00557.56317 153937
4611.47788 00557.56317 153938
4611.47788 00557.56317 153939
4611.47788 00557.56317 153940
4611.47788 00557.56317 153941
4611.47788 00557.56317 153942
4611.47788 00557.56317 153943
4611.47788 00557.56317 153944
4611.47788 00557.56317 153945
4611.47788 00557.56317 153946
4611.47788 00557.56317 153947
4611.47788 00557.56317 153948
4611.47788 00557.56317 153949
4611.47788 00557.56317 153950
4611.47788 00557.56317 153951
4611.47788 00557.56317 153952
4611.47788 00557.56317 153953
4611.47788 00557.56317 153954
4611.47788 00557.56317 153955
4611.47788 00557.56317 153956
4611.47788 00557.56317 153957
4611.47788 00557.56317 153958
4611.47788 00557.56317 153959
4611.47788 00557.56317 154000
4611.47788 00557.56317 154001
4611.47788 00557.56317 154002
4611.47788 00557.56317 154003
4611.47788 00557.56317 154004
4611.47788 00557.56317 154005
4611.47788 00557.56317 154006
4611.47788 00557.56317 154007
4611.47788 00557.56317 154008
4611.47788 00557.56317 154009
4611.47788 00557.56317 154010
4611.47788 00557.56317 154011
4611.47788 00557.56317 154012
4611.47788 00557.56317 154013
4611.47788 00557.56317 154014
4611.47788 00557.56317 154015
4611.47788 00557.56317 154016
4611.47788 00557.56317 154017
4611.47788 00557.56317 154018
4611.47788 00557.56317 154019
4611.47788 00557.56317 154020
4611.47788 00557.56317 154021
4611.47788 00557.56317 154022
4611.47788 00557.56317 154023
4611.47788 00557.56317 154024
4611.47788 00557.56317 154025
4611.47788 00557.56317 154026
4611.47788 00557.56317 154027
4611.47788 00557.56317 154028
4611.47788 00557.56317 154029
4611.47788 00557.56317 154030
4611.47788 00557.56317 154031
4611.47788 00557.56317 154032
4611.47788 00557.56317 154033
4611.47788 00557.56317 154034
4611.47788 00557.56317 154035
4611.47788 00557.56317 154036
4611.47788 00557.56317 154037
4611.47788 00557.56317 154038
4611.47788 00557.56317 154039
4611.47788 00557.56317 154040
4611.47788 00557.56317 154041
4611.47788 00557.56317 154042
4611.47788 00557.56317 154043
4611.47788 00557.56317 154044
4611.47788 00557.56317 154045
4611.47788 00557.56317 154046
4611.47788 00557.56317 154047
4611.47788 00557.56317 154048
4611.47788 00557.56317 154049
4611.47788 00557.56317 154050
4611.47788 00557.56317 154051
4611.47788 00557.56317 154052
4611.47788 00557.56317 154053
4611.47788 00557.56317 154054
4611.47788 00557.56317 154055
4611.47788 00557.56317 154056
4611.47788 00557.56317 154057
4611.47788 00557.56317 154058
4611.47788 00557.56317 154059
4611.47788 00557.56317 154100
4611.47788 00557.56317 154101
4611.47788 00557.56317 154102
4611.47788 00557.56317 154103
4611.47788 00557.56317 154104
4611.47788 00557.56317 154105
4611.47788 00557.56317 154106
4611.47788 00557.56317 154107
4611.47788 00557.56317 154108
4611.47788 00557.56317 154109
4611.47788 00557.56317 154110
4611.47788 00557.56317 154111
4611.47788 00557.56317 154112
4611.47788 00557.56317 154113
4611.47788 00557.56317 154114
4611.47788 00557.56317 154115
4611.47788 00557.56317 154116
4611.47788 00557.56317 154117
4611.47788 00557.56317 154118
4611.47788 00557.56317 154119
4611.47788 00557.56317 154120
4611.47788 00557.56317 154121
4611.47788 00557.56317 154122
4611.47788 00557.56317 154123
4611.47788 00557.56317 154124
4611.47788 00557.56317 154125
4611.47788 00557.56317 154126
4611.47788 00557.56317 154127
4611.47788 00557.56317 154128
4611.47788 00557.56317 154129
4611.47788 00557.56317 154130
4611.47788 00557.56317 154131
4611.47788 00557.56317 154132
4611.47788 00557.56317 154133
4611.47788 00557.56317 154134
4611.47788 00557.56317 154135
4611.47788 00557.56317 154136
4611.47788 00557.56317 154137
4611.47788 00557.56317 154138
4611.47788 00557.56317 154139
4611.47788 00557.56317 154140
4611.47788 00557.56317 154141
4611.47788 00557.56317 154142
4611.47788 00557.56317 154143
4611.47788 00557.56317 154144
4611.47788 00557.56317 154145
4611.47788 00557.56317 154146
4611.47788 00557.56317 154147
4611.47788 00557.56317 154148
4611.47788 00557.56317 154149
4611.47788 00557.56317 154150
4611.47788 00557.56317 154151
4611.47788 00557.56317 154152
4611.47788 00557.56317 154153
4611.47787 00557.56317 154154
4611.47788 00557.56317 154155
4611.47788 00557.56317 154156
4611.47788 00557.56317 154157
4611.47788 00557.56317 154158
4611.47788 00557.56317 154159
4611.47788 00557.56317 154200
4611.47788 00557.56317 154201
4611.47788 00557.56317 154202
4611.47788 00557.56317 154203
4611.47788 00557.56317 154204
4611.47788 00557.56317 154205
4611.47788 00557.56317 154206
4611.47788 00557.56317 154207
4611.47788 00557.56317 154208
4611.47788 00557.56317 154209
4611.47788 00557.56317 154210
4611.47788 00557.56317 154211
4611.47788 00557.56317 154212
4611.47788 00557.56317 154213
4611.47788 00557.56317 154214
4611.47788 00557.56317 154215
4611.47788 00557.56317 154216
4611.47788 00557.56317 154217
4611.47788 00557.56317 154218
4611.47788 00557.56317 154219
4611.47788 00557.56317 154220
4611.47788 00557.56317 154221
4611.47788 00557.56317 154222
4611.47788 00557.56317 154223
4611.47788 00557.56317 154224
4611.47788 00557.56317 154225
4611.47788 00557.56317 154226
4611.47788 00557.56317 154227
4611.47788 00557.56317 154228
4611.47788 00557.56317 154229
4611.47788 00557.56317 154230
4611.47788 00557.56317 154231
4611.47788 00557.56317 154232
4611.47788 00557.56317 154233
4611.47788 00557.56317 154234
4611.47788 00557.56317 154235
4611.47788 00557.56317 154236
4611.47788 00557.56317 154237
4611.47788 00557.56317 154238
4611.47788 00557.56317 154239
4611.47788 00557.56317 154240
4611.47788 00557.56317 154241
4611.47788 00557.56317 154242
4611.47788 00557.56317 154243
4611.47788 00557.56317 154244
4611.47788 00557.56317 154245
4611.47788 00557.56317 154246
4611.47788 00557.56317 154247
4611.47788 00557.56317 154248
4611.47788 00557.56317 154249
4611.47788 00557.56317 154250
4611.47788 00557.56317 154251
4611.47788 00557.56317 154252
4611.47788 00557.56317 154253
4611.47788 00557.56317 154254
4611.47788 00557.56317 154255
4611.47788 00557.56317 154256
4611.47788 00557.56317 154257
4611.47788 00557.56317 154258
4611.47788 00557.56317 154259
4611.47788 00557.56317 154300
4611.47788 00557.56317 154301
4611.47788 00557.56317 154302
4611.47788 00557.56317 154303
4611.47788 00557.56317 154304
4611.47788 00557.56317 154305
4611.47788 00557.56317 154306
4611.47788 00557.56317 154307
4611.47788 00557.56317 154308
4611.47788 00557.56317 154309
4611.47788 00557.56317 154310
4611.47788 00557.56317 154311
4611.47788 00557.56317 154312
4611.47788 00557.56317 154313
4611.47788 00557.56317 154314
4611.47788 00557.56317 154315
4611.47788 00557.56317 154316
4611.47788 00557.56317 154317
4611.47788 00557.56317 154318
4611.47788 00557.56317 154319
4611.47788 00557.56317 154320
4611.47788 00557.56317 154321
4611.47788 00557.56317 154322
4611.47788 00557.56317 154323
4611.47788 00557.56317 154324
4611.47788 00557.56317 154325
4611.47788 00557.56317 154326
4611.47788 00557.56317 154327
4611.47788 00557.56317 154328
4611.47788 00557.56317 154329
4611.47788 00557.56317 154330
4611.47788 00557.56317 154331
4611.47788 00557.56317 154332
4611.47788 00557.56317 154333
4611.47788 00557.56317 154334
4611.47788 00557.56317 154335
4611.47788 00557.56317 154336
4611.47788 00557.56317 154337
4611.47788 00557.56317 154338
4611.47788 00557.56317 154339
4611.47788 00557.56317 154340
4611.47788 00557.56317 154341
4611.47788 00557.56317 154342
4611.47788 00557.56317 154343
4611.47788 00557.56317 154344
4611.47788 00557.56317 154345
4611.47788 00557.56317 154346
4611.47788 00557.56317 154347
4611.47788 00557.56317 154348
4611.47788 00557.56317 154349
4611.47788 00557.56317 154350
4611.47788 00557.56317 154351
4611.47788 00557.56317 154352
4611.47788 00557.56317 154353
4611.47788 00557.56317 154354
4611.47788 00557.56317 154355
4611.47788 00557.56317 154356
4611.47788 00557.56317 154357
4611.47787 00557.56317 154358
4611.47788 00557.56317 154359
4611.47788 00557.56317 154400
4611.47788 00557.56317 154401
4611.47788 00557.56317 154402
4611.47788 00557.56317 154403
4611.47788 00557.56317 154404
4611.47788 00557.56317 154405
4611.47788 00557.56317 154406
4611.47788 00557.56317 154407
4611.47788 00557.56317 154408
4611.47788 00557.56317 154409
4611.47788 00557.56317 154410
4611.47788 00557.56317 154411
4611.47788 00557.56317 154412
4611.47788 00557.56317 154413
4611.47788 00557.56317 154414
4611.47788 00557.56317 154415
4611.47788 00557.56317 154416
4611.47788 00557.56317 154417
4611.47788 00557.56317 154418
4611.47788 00557.56317 154419
4611.47788 00557.56317 154420
4611.47788 00557.56317 154421
4611.47788 00557.56317 154422
4611.47788 00557.56317 154423
4611.47788 00557.56317 154424
4611.47788 00557.56317 154425
4611.47788 00557.56317 154426
4611.47788 00557.56317 154427
4611.47788 00557.56317 154428
4611.47788 00557.56317 154429
4611.47788 00557.56317 154430
4611.47788 00557.56317 154431
4611.47788 00557.56317 154432
4611.47788 00557.56317 154433
4611.47788 00557.56317 154434
4611.47788 00557.56317 154435
4611.47788 00557.56317 154436
4611.47788 00557.56317 154437
4611.47788 00557.56317 154438
4611.47788 00557.56317 154439
4611.47788 00557.56317 154440
4611.47788 00557.56317 154441
4611.47788 00557.56317 154442
4611.47788 00557.56317 154443
4611.47788 00557.56317 154444
4611.47788 00557.56317 154445
4611.47788 00557.56317 154446
4611.47788 00557.56317 154447
4611.47788 00557.56317 154448
4611.47788 00557.56317 154449
4611.47788 00557.56317 154450
4611.47788 00557.56317 154451
4611.47788 00557.56317 154452
4611.47788 00557.56317 154453
4611.47788 00557.56317 154454
4611.47788 00557.56317 154455
4611.47788 00557.56317 154456
4611.47788 00557.56317 154457
4611.47788 00557.56317 154458
4611.47788 00557.56317 154459
4611.47788 00557.56317 154500
4611.47788 00557.56317 154501
4611.47788 00557.56317 154502
4611.47788 00557.56317 154503
4611.47788 00557.56317 154504
4611.47788 00557.56317 154505
4611.47788 00557.56317 154506
4611.47788 00557.56317 154507
4611.47788 00557.56317 154508
4611.47788 00557.56317 154509
4611.47788 00557.56317 154510
4611.47788 00557.56317 154511
4611.47788 00557.56317 154512
4611.47788 00557.56317 154513
4611.47788 00557.56317 154514
4611.47788 00557.56317 154515
4611.47788 00557.56317 154516
4611.47788 00557.56317 154517
4611.47788 00557.56317 154518
4611.47788 00557.56317 154519
4611.47788 00557.56317 154520
4611.47788 00557.56317 154521
4611.47788 00557.56317 154522
4611.47788 00557.56317 154523
4611.47788 00557.56317 154524
4611.47788 00557.56317 154525
4611.47788 00557.56317 154526
4611.47788 00557.56317 154527
4611.47788 00557.56317 154528
4611.47788 00557.56317 154529
4611.47788 00557.56317 154530
4611.47788 00557.56317 154531
4611.47788 00557.56317 154532
4611.47788 00557.56317 154533
4611.47788 00557.56317 154534
4611.47788 00557.56317 154535
4611.47788 00557.56317 154536
4611.47788 00557.56317 154537
4611.47788 00557.56317 154538
4611.47788 00557.56317 154539
4611.47788 00557.56317 154540
4611.47788 00557.56317 154541
4611.47788 00557.56317 154542
4611.47788 00557.56317 154543
4611.47788 00557.56317 154544
4611.47788 00557.56317 154545
4611.47788 00557.56317 154546
4611.47788 00557.56317 154547
4611.47788 00557.56317 154548
4611.47788 00557.56317 154549
4611.47788 00557.56317 154550
4611.47788 00557.56317 154551
4611.47788 00557.56317 154552
4611.47788 00557.56317 154553
4611.47788 00557.56317 154554
4611.47788 00557.56317 154555
4611.47788 00557.56317 154556
4611.47788 00557.56317 154557
4611.47788 00557.56317 154558
4611.47788 00557.56317 154559