4611.46920 00557.55690 124000
4611.46920 00557.55690 124001
4611.46920 00557.55690 124002
4611.46920 00557.55690 124003
4611.46920 00557.55690 124004
4611.46920 00557.55690 124005
4611.46920 00557.55690 124006
4611.46920 00557.55690 124007
4611.46920 00557.55690 124008
4611.46920 00557.55690 124009
4611.46920 00557.55690 124010
4611.46920 00557.55690 124011
4611.46920 00557.55690 124012
4611.46920 00557.55690 124013
4611.46920 00557.55690 124014
4611.46920 00557.55690 124015
4611.46920 00557.55690 124016
4611.46920 00557.55690 124017
4611.46920 00557.55690 124018
4611.46920 00557.55690 124019
4611.46920 00557.55690 124020
4611.46920 00557.55690 124021
4611.46920 00557.55690 124022
4611.46920 00557.55690 124023
4611.46920 00557.55690 124024
4611.46920 00557.55690 124025
4611.46920 00557.55690 124026
4611.46920 00557.55690 124027
4611.46920 00557.55690 124028
4611.46920 00557.55690 124029
4611.46920 00557.55690 124030
4611.46920 00557.55690 124031
4611.46920 00557.55690 124032
4611.46920 00557.55690 124033
4611.46920 00557.55690 124034
4611.46920 00557.55690 124035
4611.46920 00557.55690 124036
4611.46920 00557.55690 124037
4611.46920 00557.55690 124038
4611.46920 00557.55690 124039
4611.46920 00557.55690 124040
4611.46920 00557.55690 124041
4611.46920 00557.55690 124042
4611.46920 00557.55690 124043
4611.46920 00557.55690 124044
4611.46920 00557.55690 124045
4611.46920 00557.55690 124046
4611.46920 00557.55690 124047
4611.46920 00557.55690 124048
4611.46920 00557.55690 124049
4611.46920 00557.55690 124050
4611.46920 00557.55690 124051
4611.46921 00557.55690 124052
4611.46920 00557.55690 124053
4611.46920 00557.55690 124054
4611.46920 00557.55690 124055
4611.46920 00557.55690 124056
4611.46920 00557.55690 124057
4611.46920 00557.55690 124058
4611.46920 00557.55690 124059
4611.46920 00557.55690 124100
4611.46920 00557.55690 124101
4611.46920 00557.55690 124102
4611.46920 00557.55690 124103
4611.46920 00557.55690 124104
4611.46920 00557.55690 124105
4611.46920 00557.55690 124106
4611.46920 00557.55690 124107
4611.46920 00557.55690 124108
4611.46920 00557.55690 124109
4611.46920 00557.55690 124110
4611.46920 00557.55690 124111
4611.46920 00557.55690 124112
4611.46920 00557.55690 124113
4611.46920 00557.55690 124114
4611.46920 00557.55690 124115
4611.46920 00557.55690 124116
4611.46920 00557.55690 124117
4611.46920 00557.55690 124118
4611.46920 00557.55690 124119
4611.46920 00557.55690 124120
4611.46920 00557.55690 124121
4611.46920 00557.55690 124122
4611.46920 00557.55690 124123
4611.46920 00557.55690 124124
4611.46920 00557.55690 124125
4611.46920 00557.55690 124126
4611.46920 00557.55690 124127
4611.46920 00557.55690 124128
4611.46920 00557.55690 124129
4611.46920 00557.55690 124130
4611.46920 00557.55690 124131
4611.46920 00557.55690 124132
4611.46920 00557.55690 124133
4611.46920 00557.55690 124134
4611.46920 00557.55690 124135
4611.46920 00557.55690 124136
4611.46920 00557.55690 124137
4611.46920 00557.55690 124138
4611.46920 00557.55690 124139
4611.46920 00557.55690 124140
4611.46920 00557.55690 124141
4611.46920 00557.55690 124142
4611.46920 00557.55690 124143
4611.46920 00557.55690 124144
4611.46920 00557.55690 124145
4611.46920 00557.55690 124146
4611.46920 00557.55690 124147
4611.46920 00557.55690 124148
4611.46920 00557.55690 124149
4611.46920 00557.55690 124150
4611.46920 00557.55690 124151
4611.46920 00557.55690 124152
4611.46920 00557.55690 124153
4611.46920 00557.55690 124154
4611.46920 00557.55690 124155
4611.46920 00557.55690 124156
4611.46920 00557.55690 124157
4611.46920 00557.55690 124158
4611.46920 00557.55690 124159
4611.46920 00557.55690 124200
4611.46920 00557.55690 124201
4611.46920 00557.55690 124202
4611.46920 00557.55690 124203
4611.46920 00557.55690 124204
4611.46920 00557.55690 124205
4611.46920 00557.55690 124206
4611.46920 00557.55690 124207
4611.46920 00557.55690 124208
4611.46920 00557.55690 124209
4611.46920 00557.55690 124210
4611.46920 00557.55690 124211
4611.46920 00557.55690 124212
4611.46920 00557.55690 124213
4611.46920 00557.55690 124214
4611.46920 00557.55690 124215
4611.46920 00557.55690 124216
4611.46920 00557.55690 124217
4611.46920 00557.55690 124218
4611.46920 00557.55690 124219
4611.46920 00557.55690 124220
4611.46920 00557.55690 124221
4611.46920 00557.55690 124222
4611.46920 00557.55690 124223
4611.46920 00557.55690 124224
4611.46920 00557.55690 124225
4611.46920 00557.55690 124226
4611.46920 00557.55690 124227
4611.46920 00557.55690 124228
4611.46920 00557.55690 124229
4611.46920 00557.55690 124230
4611.46920 00557.55690 124231
4611.46920 00557.55690 124232
4611.46920 00557.55690 124233
4611.46920 00557.55690 124234
4611.46920 00557.55690 124235
4611.46920 00557.55690 124236
4611.46920 00557.55690 124237
4611.46920 00557.55690 124238
4611.46920 00557.55690 124239
4611.46920 00557.55690 124240
4611.46920 00557.55690 124241
4611.46920 00557.55690 124242
4611.46920 00557.55690 124243
4611.46920 00557.55690 124244
4611.46920 00557.55690 124245
4611.46920 00557.55690 124246
4611.46920 00557.55690 124247
4611.46920 00557.55690 124248
4611.46920 00557.55690 124249
4611.46920 00557.55690 124250
4611.46920 00557.55690 124251
4611.46920 00557.55690 124252
4611.46920 00557.55690 124253
4611.46920 00557.55690 124254
4611.46920 00557.55690 124255
4611.46920 00557.55690 124256
4611.46920 00557.55690 124257
4611.46920 00557.55690 124258
4611.46920 00557.55690 124259
4611.46920 00557.55690 124300
4611.46920 00557.55690 124301
4611.46920 00557.55690 124302
4611.46920 00557.55690 124303
4611.46920 00557.55690 124304
4611.46920 00557.55690 124305
4611.46920 00557.55690 124306
4611.46920 00557.55690 124307
4611.46920 00557.55690 124308
4611.46920 00557.55690 124309
4611.46920 00557.55690 124310
4611.46920 00557.55690 124311
4611.46920 00557.55690 124312
4611.46920 00557.55690 124313
4611.46920 00557.55690 124314
4611.46920 00557.55690 124315
4611.46920 00557.55690 124316
4611.46920 00557.55690 124317
4611.46920 00557.55690 124318
4611.46920 00557.55690 124319
4611.46920 00557.55690 124320
4611.46920 00557.55690 124321
4611.46920 00557.55690 124322
4611.46920 00557.55690 124323
4611.46920 00557.55690 124324
4611.46920 00557.55690 124325
4611.46920 00557.55690 124326
4611.46920 00557.55690 124327
4611.46920 00557.55690 124328
4611.46920 00557.55690 124329
4611.46920 00557.55690 124330
4611.46920 00557.55690 124331
4611.46920 00557.55690 124332
4611.46920 00557.55690 124333
4611.46920 00557.55690 124334
4611.46920 00557.55690 124335
4611.46920 00557.55690 124336
4611.46920 00557.55690 124337
4611.46920 00557.55690 124338
4611.46920 00557.55690 124339
4611.46920 00557.55690 124340
4611.46920 00557.55690 124341
4611.46920 00557.55690 124342
4611.46920 00557.55690 124343
4611.46920 00557.55690 124344
4611.46920 00557.55690 124345
4611.46920 00557.55690 124346
4611.46920 00557.55690 124347
4611.46920 00557.55690 124348
4611.46920 00557.55690 124349
4611.46920 00557.55690 124350
4611.46920 00557.55690 124351
4611.46920 00557.55690 124352
4611.46920 00557.55690 124353
4611.46920 00557.55690 124354
4611.46920 00557.55690 124355
4611.46920 00557.55690 124356
4611.46920 00557.55690 124357
4611.46920 00557.55690 124358
4611.46920 00557.55690 124359
4611.46920 00557.55690 124400
4611.46920 00557.55690 124401
4611.46920 00557.55690 124402
4611.46920 00557.55690 124403
4611.46920 00557.55690 124404
4611.46920 00557.55690 124405
4611.46920 00557.55690 124406
4611.46920 00557.55690 124407
4611.46920 00557.55690 124408
4611.46920 00557.55690 124409
4611.46920 00557.55690 124410
4611.46920 00557.55690 124411
4611.46920 00557.55690 124412
4611.46920 00557.55690 124413
4611.46920 00557.55690 124414
4611.46920 00557.55690 124415
4611.46920 00557.55690 124416
4611.46920 00557.55690 124417
4611.46920 00557.55690 124418
4611.46920 00557.55690 124419
4611.46920 00557.55690 124420
4611.46920 00557.55690 124421
4611.46920 00557.55690 124422
4611.46920 00557.55690 124423
4611.46920 00557.55690 124424
4611.46920 00557.55690 124425
4611.46920 00557.55690 124426
4611.46920 00557.55690 124427
4611.46920 00557.55690 124428
4611.46920 00557.55690 124429
4611.46920 00557.55690 124430
4611.46920 00557.55690 124431
4611.46920 00557.55690 124432
4611.46920 00557.55690 124433
4611.46920 00557.55690 124434
4611.46920 00557.55690 124435
4611.46920 00557.55690 124436
4611.46920 00557.55690 124437
4611.46920 00557.55690 124438
4611.46920 00557.55690 124439
4611.46920 00557.55690 124440
4611.46920 00557.55690 124441
4611.46920 00557.55690 124442
4611.46920 00557.55690 124443
4611.46920 00557.55690 124444
4611.46920 00557.55690 124445
4611.46920 00557.55690 124446
4611.46920 00557.55690 124447
4611.46920 00557.55690 124448
4611.46920 00557.55690 124449
4611.46920 00557.55690 124450
4611.46920 00557.55690 124451
4611.46920 00557.55690 124452
4611.46920 00557.55690 124453
4611.46920 00557.55690 124454
4611.46920 00557.55690 124455
4611.46920 00557.55690 124456
4611.46920 00557.55690 124457
4611.46920 00557.55690 124458
4611.46920 00557.55690 124459
4611.46920 00557.55690 124500
4611.46920 00557.55690 124501
4611.46920 00557.55690 124502
4611.46920 00557.55690 124503
4611.46920 00557.55690 124504
4611.46920 00557.55690 124505
4611.46920 00557.55690 124506
4611.46920 00557.55690 124507
4611.46920 00557.55690 124508
4611.46920 00557.55690 124509
4611.46920 00557.55690 124510
4611.46920 00557.55690 124511
4611.46920 00557.55690 124512
4611.46920 00557.55690 124513
4611.46920 00557.55690 124514
4611.46920 00557.55690 124515
4611.46920 00557.55690 124516
4611.46920 00557.55690 124517
4611.46920 00557.55690 124518
4611.46920 00557.55690 124519
4611.46920 00557.55690 124520
4611.46920 00557.55690 124521
4611.46920 00557.55690 124522
4611.46920 00557.55690 124523
4611.46920 00557.55690 124524
4611.46920 00557.55690 124525
4611.46920 00557.55690 124526
4611.46920 00557.55690 124527
4611.46920 00557.55690 124528
4611.46920 00557.55690 124529
4611.46920 00557.55690 124530
4611.46920 00557.55690 124531
4611.46920 00557.55690 124532
4611.46920 00557.55690 124533
4611.46921 00557.55690 124534
4611.46920 00557.55690 124535
4611.46920 00557.55690 124536
4611.46920 00557.55690 124537
4611.46920 00557.55690 124538
4611.46920 00557.55690 124539
4611.46920 00557.55690 124540
4611.46920 00557.55690 124541
4611.46920 00557.55690 124542
4611.46920 00557.55690 124543
4611.46920 00557.55690 124544
4611.46920 00557.55690 124545
4611.46920 00557.55690 124546
4611.46920 00557.55690 124547
4611.46920 00557.55690 124548
4611.46920 00557.55690 124549
4611.46920 00557.55690 124550
4611.46920 00557.55690 124551
4611.46920 00557.55690 124552
4611.46920 00557.55690 124553
4611.46920 00557.55690 124554
4611.46920 00557.55690 124555
4611.46920 00557.55690 124556
4611.46920 00557.55690 124557
4611.46920 00557.55690 124558
4611.46920 00557.55690 124559
4611.46920 00557.55690 124600
4611.46920 00557.55690 124601
4611.46920 00557.55690 124602
4611.46920 00557.55690 124603
4611.46920 00557.55690 124604
4611.46920 00557.55690 124605
4611.46920 00557.55690 124606
4611.46920 00557.55690 124607
4611.46920 00557.55690 124608
4611.46920 00557.55690 124609
4611.46920 00557.55690 124610
4611.46920 00557.55690 124611
4611.46920 00557.55690 124612
4611.46920 00557.55690 124613
4611.46920 00557.55690 124614
4611.46920 00557.55690 124615
4611.46920 00557.55690 124616
4611.46920 00557.55690 124617
4611.46920 00557.55690 124618
4611.46920 00557.55690 124619
4611.46920 00557.55690 124620
4611.46920 00557.55690 124621
4611.46920 00557.55690 124622
4611.46920 00557.55690 124623
4611.46920 00557.55690 124624
4611.46920 00557.55690 124625
4611.46920 00557.55690 124626
4611.46920 00557.55690 124627
4611.46920 00557.55690 124628
4611.46920 00557.55690 124629
4611.46920 00557.55690 124630
4611.46920 00557.55690 124631
4611.46920 00557.55690 124632
4611.46920 00557.55690 124633
4611.46920 00557.55690 124634
4611.46920 00557.55690 124635
4611.46920 00557.55690 124636
4611.46920 00557.55690 124637
4611.46920 00557.55690 124638
4611.46920 00557.55690 124639
4611.46920 00557.55690 124640
4611.46920 00557.55690 124641
4611.46920 00557.55690 124642
4611.46920 00557.55690 124643
4611.46920 00557.55690 124644
4611.46920 00557.55690 124645
4611.46920 00557.55690 124646
4611.46920 00557.55690 124647
4611.46920 00557.55690 124648
4611.46920 00557.55690 124649
4611.46920 00557.55690 124650
4611.46920 00557.55690 124651
4611.46920 00557.55690 124652
4611.46920 00557.55690 124653
4611.46920 00557.55690 124654
4611.46920 00557.55690 124655
4611.46920 00557.55690 124656
4611.46920 00557.55690 124657
4611.46920 00557.55690 124658
4611.46920 00557.55690 124659
4611.46920 00557.55690 124700
4611.46920 00557.55690 124701
4611.46920 00557.55690 124702
4611.46920 00557.55690 124703
4611.46920 00557.55690 124704
4611.46920 00557.55690 124705
4611.46920 00557.55690 124706
4611.46920 00557.55690 124707
4611.46920 00557.55690 124708
4611.46920 00557.55690 124709
4611.46920 00557.55690 124710
4611.46920 00557.55690 124711
4611.46920 00557.55690 124712
4611.46920 00557.55690 124713
4611.46920 00557.55690 124714
4611.46920 00557.55690 124715
4611.46920 00557.55690 124716
4611.46920 00557.55690 124717
4611.46920 00557.55690 124718
4611.46920 00557.55690 124719
4611.46920 00557.55690 124720
4611.46920 00557.55690 124721
4611.46920 00557.55690 124722
4611.46920 00557.55690 124723
4611.46920 00557.55690 124724
4611.46920 00557.55690 124725
4611.46920 00557.55690 124726
4611.46920 00557.55690 124727
4611.46920 00557.55690 124728
4611.46920 00557.55690 124729
4611.46920 00557.55690 124730
4611.46920 00557.55690 124731
4611.46920 00557.55690 124732
4611.46920 00557.55690 124733
4611.46920 00557.55690 124734
4611.46920 00557.55690 124735
4611.46920 00557.55690 124736
4611.46920 00557.55690 124737
4611.46920 00557.55690 124738
4611.46920 00557.55690 124739
4611.46920 00557.55690 124740
4611.46920 00557.55690 124741
4611.46920 00557.55690 124742
4611.46920 00557.55690 124743
4611.46920 00557.55690 124744
4611.46920 00557.55690 124745
4611.46920 00557.55690 124746
4611.46920 00557.55690 124747
4611.46920 00557.55690 124748
4611.46920 00557.55690 124749
4611.46920 00557.55690 124750
4611.46920 00557.55690 124751
4611.46920 00557.55690 124752
4611.46920 00557.55690 124753
4611.46920 00557.55690 124754
4611.46920 00557.55690 124755
4611.46920 00557.55690 124756
4611.46920 00557.55690 124757
4611.46920 00557.55690 124758
4611.46920 00557.55690 124759
4611.46920 00557.55690 124800
4611.46920 00557.55690 124801
4611.46920 00557.55690 124802
4611.46920 00557.55690 124803
4611.46920 00557.55690 124804
4611.46920 00557.55690 124805
4611.46920 00557.55690 124806
4611.46920 00557.55691 124807
4611.46920 00557.55690 124808
4611.46920 00557.55690 124809
4611.46920 00557.55690 124810
4611.46920 00557.55690 124811
4611.46920 00557.55690 124812
4611.46920 00557.55690 124813
4611.46920 00557.55690 124814
4611.46920 00557.55690 124815
4611.46920 00557.55690 124816
4611.46920 00557.55690 124817
4611.46920 00557.55690 124818
4611.46920 00557.55690 124819
4611.46920 00557.55690 124820
4611.46920 00557.55690 124821
4611.46920 00557.55690 124822
4611.46920 00557.55690 124823
4611.46920 00557.55690 124824
4611.46920 00557.55690 124825
4611.46920 00557.55690 124826
4611.46920 00557.55690 124827
4611.46920 00557.55690 124828
4611.46920 00557.55690 124829
4611.46920 00557.55690 124830
4611.46920 00557.55690 124831
4611.46920 00557.55690 124832
4611.46920 00557.55690 124833
4611.46920 00557.55690 124834
4611.46920 00557.55690 124835
4611.46920 00557.55690 124836
4611.46920 00557.55690 124837
4611.46920 00557.55690 124838
4611.46920 00557.55690 124839
4611.46920 00557.55690 124840
4611.46920 00557.55690 124841
4611.46920 00557.55691 124842
4611.46920 00557.55691 124843
4611.46920 00557.55690 124844
4611.46920 00557.55690 124845
4611.46920 00557.55690 124846
4611.46920 00557.55691 124847
4611.46920 00557.55691 124848
4611.46920 00557.55691 124849
4611.46920 00557.55690 124850
4611.46920 00557.55690 124851
4611.46920 00557.55690 124852
4611.46920 00557.55690 124853
4611.46920 00557.55690 124854
4611.46920 00557.55690 124855
4611.46920 00557.55690 124856
4611.46920 00557.55690 124857
4611.46920 00557.55690 124858
4611.46920 00557.55690 124859
4611.46920 00557.55690 124900
4611.46920 00557.55690 124901
4611.46920 00557.55690 124902
4611.46920 00557.55690 124903
4611.46920 00557.55690 124904
4611.46920 00557.55690 124905
4611.46920 00557.55690 124906
4611.46920 00557.55690 124907
4611.46920 00557.55690 124908
4611.46920 00557.55690 124909
4611.46920 00557.55690 124910
4611.46920 00557.55690 124911
4611.46920 00557.55690 124912
4611.46920 00557.55690 124913
4611.46920 00557.55690 124914
4611.46920 00557.55690 124915
4611.46920 00557.55690 124916
4611.46920 00557.55690 124917
4611.46920 00557.55690 124918
4611.46920 00557.55690 124919
4611.46920 00557.55690 124920
4611.46920 00557.55690 124921
4611.46920 00557.55690 124922
4611.46920 00557.55690 124923
4611.46920 00557.55690 124924
4611.46920 00557.55690 124925
4611.46920 00557.55690 124926
4611.46920 00557.55690 124927
4611.46920 00557.55690 124928
4611.46920 00557.55690 124929
4611.46920 00557.55690 124930
4611.46920 00557.55690 124931
4611.46920 00557.55690 124932
4611.46920 00557.55690 124933
4611.46920 00557.55690 124934
4611.46920 00557.55690 124935
4611.46920 00557.55690 124936
4611.46920 00557.55690 124937
4611.46920 00557.55690 124938
4611.46920 00557.55690 124939
4611.46920 00557.55690 124940
4611.46920 00557.55691 124941
4611.46920 00557.55690 124942
4611.46920 00557.55691 124943
4611.46920 00557.55691 124944
4611.46920 00557.55691 124945
4611.46920 00557.55691 124946
4611.46920 00557.55691 124947
4611.46920 00557.55691 124948
4611.46920 00557.55691 124949
4611.46920 00557.55691 124950
4611.46920 00557.55691 124951
4611.46920 00557.55691 124952
4611.46920 00557.55691 124953
4611.46920 00557.55691 124954
4611.46920 00557.55691 124955
4611.46920 00557.55690 124956
4611.46920 00557.55690 124957
4611.46920 00557.55690 124958
4611.46920 00557.55690 124959
4611.46920 00557.55690 125000
4611.46920 00557.55691 125001
4611.46920 00557.55691 125002
4611.46920 00557.55690 125003
4611.46920 00557.55690 125004
4611.46920 00557.55691 125005
4611.46920 00557.55690 125006
4611.46920 00557.55691 125007
4611.46920 00557.55690 125008
4611.46920 00557.55690 125009
4611.46920 00557.55691 125010
4611.46920 00557.55691 125011
4611.46920 00557.55691 125012
4611.46920 00557.55691 125013
4611.46920 00557.55691 125014
4611.46920 00557.55690 125015
4611.46920 00557.55691 125016
4611.46920 00557.55691 125017
4611.46920 00557.55691 125018
4611.46920 00557.55690 125019
4611.46920 00557.55691 125020
4611.46920 00557.55691 125021
4611.46920 00557.55691 125022
4611.46920 00557.55691 125023
4611.46920 00557.55691 125024
4611.46920 00557.55691 125025
4611.46920 00557.55691 125026
4611.46920 00557.55690 125027
4611.46920 00557.55691 125028
4611.46920 00557.55691 125029
4611.46920 00557.55691 125030
4611.46920 00557.55691 125031
4611.46920 00557.55691 125032
4611.46920 00557.55691 125033
4611.46920 00557.55691 125034
4611.46920 00557.55691 125035
4611.46920 00557.55691 125036
4611.46920 00557.55691 125037
4611.46920 00557.55691 125038
4611.46920 00557.55690 125039
4611.46920 00557.55691 125040
4611.46920 00557.55691 125041
4611.46920 00557.55691 125042
4611.46920 00557.55691 125043
4611.46920 00557.55691 125044
4611.46920 00557.55691 125045
4611.46920 00557.55691 125046
4611.46920 00557.55690 125047
4611.46920 00557.55691 125048
4611.46920 00557.55691 125049
4611.46920 00557.55691 125050
4611.46920 00557.55691 125051
4611.46920 00557.55691 125052
4611.46920 00557.55691 125053
4611.46920 00557.55691 125054
4611.46920 00557.55691 125055
4611.46920 00557.55691 125056
4611.46920 00557.55691 125057
4611.46920 00557.55691 125058
4611.46920 00557.55690 125059
4611.46920 00557.55691 125100
4611.46920 00557.55691 125101
4611.46920 00557.55691 125102
4611.46920 00557.55691 125103
4611.46920 00557.55691 125104
4611.46920 00557.55691 125105
4611.46920 00557.55690 125106
4611.46920 00557.55691 125107
4611.46920 00557.55691 125108
4611.46920 00557.55691 125109
4611.46920 00557.55691 125110
4611.46920 00557.55691 125111
4611.46920 00557.55691 125112
4611.46920 00557.55691 125113
4611.46920 00557.55690 125114
4611.46920 00557.55690 125115
4611.46920 00557.55690 125116
4611.46920 00557.55690 125117
4611.46920 00557.55690 125118
4611.46920 00557.55690 125119
4611.46920 00557.55690 125120
4611.46920 00557.55690 125121
4611.46920 00557.55690 125122
4611.46920 00557.55691 125123
4611.46920 00557.55691 125124
4611.46920 00557.55691 125125
4611.46920 00557.55691 125126
4611.46920 00557.55690 125127
4611.46920 00557.55690 125128
4611.46920 00557.55691 125129
4611.46920 00557.55691 125130
4611.46920 00557.55690 125131
4611.46920 00557.55691 125132
4611.46920 00557.55690 125133
4611.46920 00557.55690 125134
4611.46920 00557.55691 125135
4611.46920 00557.55690 125136
4611.46920 00557.55691 125137
4611.46920 00557.55691 125138
4611.46920 00557.55691 125139
4611.46920 00557.55691 125140
4611.46920 00557.55690 125141
4611.46920 00557.55691 125142
4611.46920 00557.55691 125143
4611.46920 00557.55691 125144
4611.46920 00557.55691 125145
4611.46920 00557.55691 125146
4611.46920 00557.55690 125147
4611.46920 00557.55691 125148
4611.46920 00557.55690 125149
4611.46920 00557.55690 125150
4611.46920 00557.55691 125151
4611.46920 00557.55691 125152
4611.46920 00557.55690 125153
4611.46920 00557.55691 125154
4611.46920 00557.55691 125155
4611.46920 00557.55691 125156
4611.46920 00557.55691 125157
4611.46920 00557.55691 125158
4611.46920 00557.55691 125159
4611.46920 00557.55691 125200
4611.46920 00557.55691 125201
4611.46920 00557.55691 125202
4611.46920 00557.55691 125203
4611.46920 00557.55691 125204
4611.46920 00557.55690 125205
4611.46920 00557.55691 125206
4611.46920 00557.55691 125207
4611.46920 00557.55690 125208
4611.46920 00557.55691 125209
4611.46920 00557.55690 125210
4611.46920 00557.55691 125211
4611.46920 00557.55690 125212
4611.46920 00557.55690 125213
4611.46920 00557.55690 125214
4611.46920 00557.55691 125215
4611.46920 00557.55691 125216
4611.46920 00557.55690 125217
4611.46920 00557.55690 125218
4611.46920 00557.55690 125219
4611.46920 00557.55690 125220
4611.46920 00557.55690 125221
4611.46920 00557.55691 125222
4611.46920 00557.55690 125223
4611.46920 00557.55690 125224
4611.46920 00557.55690 125225
4611.46920 00557.55690 125226
4611.46920 00557.55691 125227
4611.46920 00557.55690 125228
4611.46920 00557.55691 125229
4611.46920 00557.55690 125230
4611.46920 00557.55691 125231
4611.46920 00557.55690 125232
4611.46920 00557.55691 125233
4611.46920 00557.55691 125234
4611.46920 00557.55691 125235
4611.46920 00557.55691 125236
4611.46920 00557.55690 125237
4611.46920 00557.55691 125238
4611.46920 00557.55690 125239
4611.46920 00557.55691 125240
4611.46920 00557.55690 125241
4611.46920 00557.55691 125242
4611.46920 00557.55691 125243
4611.46920 00557.55690 125244
4611.46920 00557.55690 125245
4611.46920 00557.55691 125246
4611.46920 00557.55690 125247
4611.46920 00557.55691 125248
4611.46920 00557.55690 125249
4611.46920 00557.55691 125250
4611.46920 00557.55691 125251
4611.46920 00557.55691 125252
4611.46920 00557.55691 125253
4611.46920 00557.55691 125254
4611.46920 00557.55690 125255
4611.46920 00557.55690 125256
4611.46920 00557.55690 125257
4611.46920 00557.55690 125258
4611.46920 00557.55691 125259
4611.46920 00557.55690 125300
4611.46920 00557.55690 125301
4611.46920 00557.55690 125302
4611.46920 00557.55691 125303
4611.46920 00557.55690 125304
4611.46920 00557.55690 125305
4611.46920 00557.55691 125306
4611.46920 00557.55691 125307
4611.46920 00557.55690 125308
4611.46920 00557.55690 125309
4611.46920 00557.55690 125310
4611.46920 00557.55690 125311
4611.46920 00557.55690 125312
4611.46920 00557.55690 125313
4611.46920 00557.55691 125314
4611.46920 00557.55690 125315
4611.46920 00557.55690 125316
4611.46920 00557.55690 125317
4611.46920 00557.55690 125318
4611.46920 00557.55690 125319
4611.46920 00557.55690 125320
4611.46920 00557.55690 125321
4611.46920 00557.55690 125322
4611.46920 00557.55690 125323
4611.46920 00557.55690 125324
4611.46920 00557.55690 125325
4611.46920 00557.55690 125326
4611.46920 00557.55690 125327
4611.46920 00557.55690 125328
4611.46920 00557.55690 125329
4611.46920 00557.55690 125330
4611.46920 00557.55690 125331
4611.46920 00557.55690 125332
4611.46920 00557.55690 125333
4611.46920 00557.55690 125334
4611.46920 00557.55690 125335
4611.46920 00557.55690 125336
4611.46920 00557.55691 125337
4611.46920 00557.55690 125338
4611.46920 00557.55690 125339
4611.46920 00557.55690 125340
4611.46920 00557.55691 125341
4611.46920 00557.55691 125342
4611.46920 00557.55690 125343
4611.46920 00557.55690 125344
4611.46920 00557.55690 125345
4611.46920 00557.55690 125346
4611.46920 00557.55690 125347
4611.46920 00557.55690 125348
4611.46920 00557.55690 125349
4611.46920 00557.55690 125350
4611.46920 00557.55690 125351
4611.46920 00557.55690 125352
4611.46920 00557.55690 125353
4611.46920 00557.55690 125354
4611.46920 00557.55690 125355
4611.46920 00557.55690 125356
4611.46920 00557.55690 125357
4611.46920 00557.55690 125358
4611.46920 00557.55690 125359
4611.46920 00557.55690 125400
4611.46920 00557.55690 125401
4611.46920 00557.55690 125402
4611.46920 00557.55690 125403
4611.46920 00557.55690 125404
4611.46920 00557.55690 125405
4611.46920 00557.55690 125406
4611.46920 00557.55690 125407
4611.46920 00557.55690 125408
4611.46920 00557.55690 125409
4611.46920 00557.55690 125410
4611.46920 00557.55690 125411
4611.46920 00557.55691 125412
4611.46920 00557.55690 125413
4611.46920 00557.55690 125414
4611.46920 00557.55691 125415
4611.46920 00557.55691 125416
4611.46920 00557.55691 125417
4611.46920 00557.55691 125418
4611.46920 00557.55691 125419
4611.46920 00557.55690 125420
4611.46920 00557.55690 125421
4611.46920 00557.55690 125422
4611.46920 00557.55690 125423
4611.46920 00557.55690 125424
4611.46920 00557.55690 125425
4611.46920 00557.55690 125426
4611.46920 00557.55690 125427
4611.46920 00557.55690 125428
4611.46920 00557.55690 125429
4611.46920 00557.55690 125430
4611.46920 00557.55690 125431
4611.46920 00557.55690 125432
4611.46920 00557.55690 125433
4611.46920 00557.55690 125434
4611.46920 00557.55690 125435
4611.46920 00557.55690 125436
4611.46920 00557.55690 125437
4611.46920 00557.55690 125438
4611.46920 00557.55690 125439
4611.46920 00557.55690 125440
4611.46920 00557.55690 125441
4611.46920 00557.55690 125442
4611.46920 00557.55690 125443
4611.46920 00557.55690 125444
4611.46920 00557.55690 125445
4611.46920 00557.55690 125446
4611.46920 00557.55690 125447
4611.46920 00557.55690 125448
4611.46920 00557.55691 125449
4611.46920 00557.55691 125450
4611.46920 00557.55690 125451
4611.46920 00557.55690 125452
4611.46920 00557.55690 125453
4611.46920 00557.55690 125454
4611.46920 00557.55690 125455
4611.46920 00557.55690 125456
4611.46920 00557.55690 125457
4611.46920 00557.55690 125458
4611.46920 00557.55690 125459
4611.46920 00557.55690 125500
4611.46920 00557.55690 125501
4611.46920 00557.55690 125502
4611.46920 00557.55690 125503
4611.46920 00557.55690 125504
4611.46920 00557.55690 125505
4611.46920 00557.55690 125506
4611.46920 00557.55690 125507
4611.46920 00557.55690 125508
4611.46920 00557.55690 125509
4611.46920 00557.55690 125510
4611.46920 00557.55690 125511
4611.46920 00557.55690 125512
4611.46920 00557.55690 125513
4611.46920 00557.55690 125514
4611.46920 00557.55690 125515
4611.46920 00557.55690 125516
4611.46920 00557.55690 125517
4611.46920 00557.55690 125518
4611.46920 00557.55690 125519
4611.46920 00557.55690 125520
4611.46920 00557.55690 125521
4611.46920 00557.55690 125522
4611.46920 00557.55690 125523
4611.46920 00557.55690 125524
4611.46920 00557.55690 125525
4611.46920 00557.55690 125526
4611.46920 00557.55690 125527
4611.46920 00557.55690 125528
4611.46920 00557.55690 125529
4611.46920 00557.55690 125530
4611.46920 00557.55690 125531
4611.46920 00557.55690 125532
4611.46920 00557.55690 125533
4611.46920 00557.55690 125534
4611.46920 00557.55690 125535
4611.46920 00557.55690 125536
4611.46920 00557.55690 125537
4611.46920 00557.55690 125538
4611.46920 00557.55690 125539
4611.46920 00557.55690 125540
4611.46920 00557.55690 125541
4611.46920 00557.55690 125542
4611.46920 00557.55690 125543
4611.46920 00557.55690 125544
4611.46920 00557.55690 125545
4611.46920 00557.55690 125546
4611.46920 00557.55690 125547
4611.46920 00557.55690 125548
4611.46920 00557.55690 125549
4611.46920 00557.55690 125550
4611.46920 00557.55690 125551
4611.46920 00557.55690 125552
4611.46920 00557.55690 125553
4611.46920 00557.55690 125554
4611.46920 00557.55690 125555
4611.46920 00557.55690 125556
4611.46920 00557.55690 125557
4611.46920 00557.55690 125558
4611.46920 00557.55690 125559
4611.46920 00557.55690 125600
4611.46920 00557.55690 125601
4611.46920 00557.55690 125602
4611.46920 00557.55690 125603
4611.46920 00557.55690 125604
4611.46920 00557.55690 125605
4611.46920 00557.55690 125606
4611.46920 00557.55690 125607
4611.46920 00557.55690 125608
4611.46920 00557.55690 125609
4611.46920 00557.55690 125610
4611.46920 00557.55690 125611
4611.46920 00557.55690 125612
4611.46920 00557.55690 125613
4611.46920 00557.55690 125614
4611.46920 00557.55690 125615
4611.46920 00557.55690 125616
4611.46920 00557.55690 125617
4611.46920 00557.55690 125618
4611.46920 00557.55690 125619
4611.46920 00557.55690 125620
4611.46920 00557.55690 125621
4611.46920 00557.55690 125622
4611.46920 00557.55690 125623
4611.46920 00557.55690 125624
4611.46920 00557.55690 125625
4611.46920 00557.55690 125626
4611.46920 00557.55690 125627
4611.46920 00557.55690 125628
4611.46920 00557.55690 125629
4611.46920 00557.55690 125630
4611.46920 00557.55690 125631
4611.46920 00557.55690 125632
4611.46920 00557.55690 125633
4611.46920 00557.55690 125634
4611.46920 00557.55690 125635
4611.46920 00557.55690 125636
4611.46920 00557.55690 125637
4611.46920 00557.55690 125638
4611.46920 00557.55690 125639
4611.46920 00557.55690 125640
4611.46920 00557.55690 125641
4611.46920 00557.55690 125642
4611.46920 00557.55690 125643
4611.46920 00557.55690 125644
4611.46920 00557.55690 125645
4611.46920 00557.55690 125646
4611.46920 00557.55690 125647
4611.46920 00557.55690 125648
4611.46920 00557.55690 125649
4611.46920 00557.55690 125650
4611.46920 00557.55690 125651
4611.46920 00557.55690 125652
4611.46920 00557.55690 125653
4611.46920 00557.55690 125654
4611.46920 00557.55690 125655
4611.46920 00557.55690 125656
4611.46920 00557.55690 125657
4611.46920 00557.55690 125658
4611.46920 00557.55690 125659
4611.46920 00557.55690 125700
4611.46920 00557.55690 125701
4611.46920 00557.55690 125702
4611.46920 00557.55690 125703
4611.46920 00557.55690 125704
4611.46920 00557.55690 125705
4611.46920 00557.55690 125706
4611.46920 00557.55690 125707
4611.46920 00557.55690 125708
4611.46920 00557.55690 125709
4611.46920 00557.55690 125710
4611.46920 00557.55690 125711
4611.46920 00557.55690 125712
4611.46920 00557.55690 125713
4611.46920 00557.55690 125714
4611.46920 00557.55690 125715
4611.46920 00557.55690 125716
4611.46920 00557.55690 125717
4611.46920 00557.55690 125718
4611.46920 00557.55690 125719
4611.46920 00557.55690 125720
4611.46920 00557.55690 125721
4611.46920 00557.55690 125722
4611.46920 00557.55690 125723
4611.46920 00557.55690 125724
4611.46920 00557.55690 125725
4611.46920 00557.55690 125726
4611.46920 00557.55690 125727
4611.46920 00557.55690 125728
4611.46920 00557.55690 125729
4611.46920 00557.55690 125730
4611.46920 00557.55690 125731
4611.46920 00557.55690 125732
4611.46920 00557.55690 125733
4611.46920 00557.55690 125734
4611.46920 00557.55690 125735
4611.46920 00557.55690 125736
4611.46920 00557.55690 125737
4611.46920 00557.55690 125738
4611.46920 00557.55690 125739
4611.46920 00557.55690 125740
4611.46920 00557.55690 125741
4611.46920 00557.55690 125742
4611.46920 00557.55690 125743
4611.46920 00557.55690 125744
4611.46920 00557.55690 125745
4611.46920 00557.55690 125746
4611.46920 00557.55690 125747
4611.46920 00557.55690 125748
4611.46920 00557.55690 125749
4611.46920 00557.55690 125750
4611.46920 00557.55690 125751
4611.46920 00557.55690 125752
4611.46920 00557.55690 125753
4611.46920 00557.55690 125754
4611.46920 00557.55690 125755
4611.46920 00557.55690 125756
4611.46920 00557.55690 125757
4611.46920 00557.55690 125758
4611.46920 00557.55690 125759
4611.46920 00557.55690 125800
4611.46920 00557.55690 125801
4611.46920 00557.55690 125802
4611.46920 00557.55690 125803
4611.46920 00557.55690 125804
4611.46920 00557.55690 125805
4611.46920 00557.55690 125806
4611.46920 00557.55690 125807
4611.46920 00557.55690 125808
4611.46920 00557.55690 125809
4611.46920 00557.55690 125810
4611.46920 00557.55690 125811
4611.46920 00557.55690 125812
4611.46920 00557.55690 125813
4611.46920 00557.55690 125814
4611.46920 00557.55690 125815
4611.46920 00557.55690 125816
4611.46920 00557.55690 125817
4611.46920 00557.55690 125818
4611.46920 00557.55690 125819
4611.46920 00557.55690 125820
4611.46920 00557.55690 125821
4611.46920 00557.55690 125822
4611.46920 00557.55690 125823
4611.46920 00557.55690 125824
4611.46920 00557.55690 125825
4611.46920 00557.55690 125826
4611.46920 00557.55690 125827
4611.46920 00557.55690 125828
4611.46920 00557.55690 125829
4611.46920 00557.55690 125830
4611.46920 00557.55690 125831
4611.46920 00557.55690 125832
4611.46920 00557.55690 125833
4611.46920 00557.55690 125834
4611.46920 00557.55690 125835
4611.46920 00557.55690 125836
4611.46920 00557.55690 125837
4611.46920 00557.55690 125838
4611.46920 00557.55690 125839
4611.46920 00557.55690 125840
4611.46920 00557.55690 125841
4611.46920 00557.55690 125842
4611.46920 00557.55690 125843
4611.46920 00557.55690 125844
4611.46920 00557.55690 125845
4611.46920 00557.55690 125846
4611.46920 00557.55690 125847
4611.46920 00557.55690 125848
4611.46920 00557.55690 125849
4611.46920 00557.55690 125850
4611.46920 00557.55690 125851
4611.46920 00557.55690 125852
4611.46920 00557.55690 125853
4611.46920 00557.55690 125854
4611.46920 00557.55690 125855
4611.46920 00557.55690 125856
4611.46920 00557.55690 125857
4611.46920 00557.55690 125858
4611.46920 00557.55690 125859
4611.46920 00557.55690 125900
4611.46920 00557.55690 125901
4611.46920 00557.55690 125902
4611.46920 00557.55690 125903
4611.46920 00557.55690 125904
4611.46920 00557.55690 125905
4611.46920 00557.55690 125906
4611.46920 00557.55690 125907
4611.46920 00557.55690 125908
4611.46920 00557.55690 125909
4611.46920 00557.55690 125910
4611.46920 00557.55690 125911
4611.46920 00557.55690 125912
4611.46920 00557.55690 125913
4611.46920 00557.55690 125914
4611.46920 00557.55690 125915
4611.46920 00557.55690 125916
4611.46920 00557.55690 125917
4611.46920 00557.55690 125918
4611.46920 00557.55690 125919
4611.46920 00557.55690 125920
4611.46920 00557.55690 125921
4611.46920 00557.55690 125922
4611.46920 00557.55690 125923
4611.46920 00557.55690 125924
4611.46920 00557.55690 125925
4611.46920 00557.55690 125926
4611.46920 00557.55690 125927
4611.46920 00557.55690 125928
4611.46920 00557.55690 125929
4611.46920 00557.55690 125930
4611.46920 00557.55690 125931
4611.46920 00557.55690 125932
4611.46920 00557.55690 125933
4611.46920 00557.55690 125934
4611.46920 00557.55690 125935
4611.46920 00557.55690 125936
4611.46920 00557.55690 125937
4611.46920 00557.55690 125938
4611.46920 00557.55690 125939
4611.46920 00557.55690 125940
4611.46920 00557.55690 125941
4611.46920 00557.55690 125942
4611.46920 00557.55690 125943
4611.46920 00557.55690 125944
4611.46920 00557.55690 125945
4611.46920 00557.55690 125946
4611.46920 00557.55690 125947
4611.46920 00557.55690 125948
4611.46920 00557.55690 125949
4611.46920 00557.55690 125950
4611.46920 00557.55690 125951
4611.46920 00557.55690 125952
4611.46920 00557.55690 125953
4611.46920 00557.55690 125954
4611.46920 00557.55690 125955
4611.46920 00557.55690 125956
4611.46920 00557.55690 125957
4611.46920 00557.55690 125958
4611.46920 00557.55690 125959