4611.47064 00557.55794 132000
4611.47064 00557.55794 132001
4611.47064 00557.55794 132002
4611.47064 00557.55794 132003
4611.47064 00557.55794 132004
4611.47064 00557.55795 132005
4611.47064 00557.55795 132006
4611.47064 00557.55794 132007
4611.47064 00557.55794 132008
4611.47064 00557.55794 132009
4611.47064 00557.55794 132010
4611.47064 00557.55794 132011
4611.47064 00557.55794 132012
4611.47064 00557.55794 132013
4611.47064 00557.55794 132014
4611.47064 00557.55794 132015
4611.47064 00557.55794 132016
4611.47064 00557.55794 132017
4611.47064 00557.55794 132018
4611.47064 00557.55794 132019
4611.47064 00557.55794 132020
4611.47064 00557.55795 132021
4611.47064 00557.55795 132022
4611.47064 00557.55795 132023
4611.47064 00557.55794 132024
4611.47064 00557.55794 132025
4611.47064 00557.55794 132026
4611.47064 00557.55794 132027
4611.47064 00557.55794 132028
4611.47064 00557.55794 132029
4611.47064 00557.55794 132030
4611.47064 00557.55794 132031
4611.47064 00557.55794 132032
4611.47064 00557.55794 132033
4611.47064 00557.55794 132034
4611.47064 00557.55794 132035
4611.47064 00557.55794 132036
4611.47064 00557.55795 132037
4611.47065 00557.55795 132038
4611.47064 00557.55795 132039
4611.47064 00557.55794 132040
4611.47064 00557.55794 132041
4611.47064 00557.55794 132042
4611.47064 00557.55794 132043
4611.47064 00557.55794 132044
4611.47064 00557.55794 132045
4611.47064 00557.55794 132046
4611.47065 00557.55795 132047
4611.47064 00557.55795 132048
4611.47064 00557.55795 132049
4611.47064 00557.55795 132050
4611.47064 00557.55794 132051
4611.47064 00557.55795 132052
4611.47064 00557.55795 132053
4611.47065 00557.55795 132054
4611.47064 00557.55795 132055
4611.47064 00557.55794 132056
4611.47064 00557.55795 132057
4611.47064 00557.55794 132058
4611.47064 00557.55794 132059
4611.47064 00557.55794 132100
4611.47064 00557.55795 132101
4611.47064 00557.55795 132102
4611.47065 00557.55795 132103
4611.47064 00557.55795 132104
4611.47064 00557.55794 132105
4611.47064 00557.55795 132106
4611.47064 00557.55794 132107
4611.47064 00557.55795 132108
4611.47064 00557.55794 132109
4611.47064 00557.55794 132110
4611.47064 00557.55795 132111
4611.47064 00557.55794 132112
4611.47064 00557.55795 132113
4611.47064 00557.55794 132114
4611.47064 00557.55795 132115
4611.47064 00557.55795 132116
4611.47064 00557.55795 132117
4611.47064 00557.55795 132118
4611.47064 00557.55795 132119
4611.47064 00557.55795 132120
4611.47064 00557.55795 132121
4611.47064 00557.55795 132122
4611.47064 00557.55795 132123
4611.47064 00557.55795 132124
4611.47064 00557.55795 132125
4611.47064 00557.55795 132126
4611.47064 00557.55794 132127
4611.47064 00557.55795 132128
4611.47064 00557.55794 132129
4611.47064 00557.55794 132130
4611.47064 00557.55794 132131
4611.47064 00557.55794 132132
4611.47064 00557.55794 132133
4611.47064 00557.55794 132134
4611.47064 00557.55794 132135
4611.47064 00557.55794 132136
4611.47064 00557.55795 132137
4611.47064 00557.55794 132138
4611.47064 00557.55795 132139
4611.47064 00557.55795 132140
4611.47064 00557.55794 132141
4611.47064 00557.55794 132142
4611.47064 00557.55795 132143
4611.47064 00557.55795 132144
4611.47064 00557.55794 132145
4611.47064 00557.55794 132146
4611.47064 00557.55794 132147
4611.47064 00557.55794 132148
4611.47064 00557.55794 132149
4611.47064 00557.55794 132150
4611.47064 00557.55794 132151
4611.47064 00557.55794 132152
4611.47064 00557.55794 132153
4611.47064 00557.55794 132154
4611.47064 00557.55794 132155
4611.47064 00557.55794 132156
4611.47064 00557.55794 132157
4611.47064 00557.55794 132158
4611.47064 00557.55794 132159
4611.47064 00557.55794 132200
4611.47064 00557.55794 132201
4611.47064 00557.55794 132202
4611.47064 00557.55794 132203
4611.47064 00557.55795 132204
4611.47064 00557.55794 132205
4611.47064 00557.55795 132206
4611.47064 00557.55795 132207
4611.47064 00557.55795 132208
4611.47065 00557.55794 132209
4611.47065 00557.55795 132210
4611.47064 00557.55795 132211
4611.47064 00557.55795 132212
4611.47064 00557.55794 132213
4611.47065 00557.55794 132214
4611.47064 00557.55795 132215
4611.47065 00557.55794 132216
4611.47064 00557.55795 132217
4611.47064 00557.55795 132218
4611.47064 00557.55795 132219
4611.47064 00557.55794 132220
4611.47064 00557.55794 132221
4611.47064 00557.55794 132222
4611.47064 00557.55794 132223
4611.47064 00557.55795 132224
4611.47064 00557.55795 132225
4611.47064 00557.55795 132226
4611.47064 00557.55794 132227
4611.47064 00557.55795 132228
4611.47064 00557.55795 132229
4611.47064 00557.55795 132230
4611.47064 00557.55795 132231
4611.47064 00557.55795 132232
4611.47064 00557.55795 132233
4611.47064 00557.55795 132234
4611.47064 00557.55795 132235
4611.47064 00557.55795 132236
4611.47064 00557.55795 132237
4611.47064 00557.55794 132238
4611.47064 00557.55795 132239
4611.47064 00557.55795 132240
4611.47064 00557.55794 132241
4611.47064 00557.55795 132242
4611.47064 00557.55795 132243
4611.47064 00557.55795 132244
4611.47064 00557.55795 132245
4611.47064 00557.55795 132246
4611.47064 00557.55795 132247
4611.47064 00557.55794 132248
4611.47064 00557.55795 132249
4611.47065 00557.55794 132250
4611.47064 00557.55794 132251
4611.47064 00557.55794 132252
4611.47064 00557.55794 132253
4611.47064 00557.55794 132254
4611.47064 00557.55794 132255
4611.47065 00557.55795 132256
4611.47064 00557.55794 132257
4611.47064 00557.55794 132258
4611.47065 00557.55794 132259
4611.47065 00557.55794 132300
4611.47064 00557.55794 132301
4611.47064 00557.55794 132302
4611.47064 00557.55794 132303
4611.47064 00557.55795 132304
4611.47064 00557.55795 132305
4611.47064 00557.55794 132306
4611.47065 00557.55794 132307
4611.47065 00557.55795 132308
4611.47065 00557.55795 132309
4611.47065 00557.55795 132310
4611.47064 00557.55795 132311
4611.47064 00557.55794 132312
4611.47064 00557.55794 132313
4611.47064 00557.55795 132314
4611.47065 00557.55795 132315
4611.47064 00557.55795 132316
4611.47064 00557.55795 132317
4611.47064 00557.55795 132318
4611.47064 00557.55795 132319
4611.47064 00557.55795 132320
4611.47065 00557.55795 132321
4611.47065 00557.55795 132322
4611.47064 00557.55795 132323
4611.47064 00557.55795 132324
4611.47064 00557.55795 132325
4611.47064 00557.55795 132326
4611.47064 00557.55795 132327
4611.47065 00557.55795 132328
4611.47065 00557.55795 132329
4611.47065 00557.55795 132330
4611.47065 00557.55795 132331
4611.47065 00557.55795 132332
4611.47065 00557.55795 132333
4611.47065 00557.55794 132334
4611.47064 00557.55795 132335
4611.47064 00557.55795 132336
4611.47064 00557.55795 132337
4611.47064 00557.55795 132338
4611.47064 00557.55795 132339
4611.47064 00557.55795 132340
4611.47064 00557.55795 132341
4611.47064 00557.55795 132342
4611.47064 00557.55794 132343
4611.47064 00557.55795 132344
4611.47064 00557.55794 132345
4611.47064 00557.55795 132346
4611.47064 00557.55795 132347
4611.47064 00557.55795 132348
4611.47064 00557.55795 132349
4611.47064 00557.55795 132350
4611.47065 00557.55795 132351
4611.47064 00557.55795 132352
4611.47064 00557.55794 132353
4611.47064 00557.55794 132354
4611.47064 00557.55794 132355
4611.47065 00557.55795 132356
4611.47065 00557.55794 132357
4611.47065 00557.55794 132358
4611.47065 00557.55795 132359
4611.47065 00557.55794 132400
4611.47064 00557.55794 132401
4611.47064 00557.55794 132402
4611.47064 00557.55794 132403
4611.47064 00557.55794 132404
4611.47064 00557.55795 132405
4611.47065 00557.55794 132406
4611.47065 00557.55795 132407
4611.47065 00557.55794 132408
4611.47065 00557.55794 132409
4611.47065 00557.55794 132410
4611.47064 00557.55794 132411
4611.47064 00557.55795 132412
4611.47064 00557.55794 132413
4611.47064 00557.55794 132414
4611.47064 00557.55794 132415
4611.47064 00557.55794 132416
4611.47065 00557.55795 132417
4611.47065 00557.55795 132418
4611.47065 00557.55794 132419
4611.47064 00557.55794 132420
4611.47064 00557.55794 132421
4611.47064 00557.55794 132422
4611.47064 00557.55794 132423
4611.47064 00557.55794 132424
4611.47064 00557.55794 132425
4611.47064 00557.55794 132426
4611.47064 00557.55794 132427
4611.47065 00557.55794 132428
4611.47065 00557.55794 132429
4611.47065 00557.55794 132430
4611.47065 00557.55794 132431
4611.47065 00557.55794 132432
4611.47064 00557.55794 132433
4611.47064 00557.55794 132434
4611.47064 00557.55794 132435
4611.47064 00557.55795 132436
4611.47064 00557.55795 132437
4611.47065 00557.55795 132438
4611.47064 00557.55795 132439
4611.47064 00557.55795 132440
4611.47064 00557.55795 132441
4611.47064 00557.55795 132442
4611.47064 00557.55795 132443
4611.47064 00557.55795 132444
4611.47065 00557.55795 132445
4611.47065 00557.55795 132446
4611.47065 00557.55795 132447
4611.47064 00557.55794 132448
4611.47064 00557.55794 132449
4611.47064 00557.55794 132450
4611.47064 00557.55795 132451
4611.47065 00557.55795 132452
4611.47065 00557.55794 132453
4611.47064 00557.55794 132454
4611.47064 00557.55794 132455
4611.47064 00557.55795 132456
4611.47064 00557.55795 132457
4611.47064 00557.55795 132458
4611.47064 00557.55795 132459
4611.47065 00557.55795 132500
4611.47065 00557.55795 132501
4611.47064 00557.55795 132502
4611.47064 00557.55795 132503
4611.47064 00557.55794 132504
4611.47064 00557.55795 132505
4611.47064 00557.55794 132506
4611.47064 00557.55795 132507
4611.47064 00557.55795 132508
4611.47064 00557.55795 132509
4611.47064 00557.55795 132510
4611.47064 00557.55795 132511
4611.47064 00557.55795 132512
4611.47064 00557.55795 132513
4611.47064 00557.55795 132514
4611.47064 00557.55795 132515
4611.47064 00557.55795 132516
4611.47064 00557.55795 132517
4611.47064 00557.55795 132518
4611.47064 00557.55795 132519
4611.47064 00557.55795 132520
4611.47064 00557.55795 132521
4611.47064 00557.55795 132522
4611.47064 00557.55795 132523
4611.47064 00557.55795 132524
4611.47064 00557.55795 132525
4611.47065 00557.55794 132526
4611.47064 00557.55795 132527
4611.47064 00557.55795 132528
4611.47064 00557.55794 132529
4611.47064 00557.55795 132530
4611.47064 00557.55794 132531
4611.47064 00557.55794 132532
4611.47064 00557.55794 132533
4611.47064 00557.55794 132534
4611.47064 00557.55794 132535
4611.47064 00557.55795 132536
4611.47064 00557.55794 132537
4611.47064 00557.55794 132538
4611.47064 00557.55794 132539
4611.47064 00557.55794 132540
4611.47064 00557.55794 132541
4611.47064 00557.55795 132542
4611.47064 00557.55795 132543
4611.47064 00557.55794 132544
4611.47064 00557.55794 132545
4611.47064 00557.55794 132546
4611.47064 00557.55794 132547
4611.47064 00557.55794 132548
4611.47064 00557.55794 132549
4611.47064 00557.55795 132550
4611.47064 00557.55794 132551
4611.47064 00557.55795 132552
4611.47064 00557.55794 132553
4611.47064 00557.55794 132554
4611.47064 00557.55794 132555
4611.47064 00557.55794 132556
4611.47064 00557.55794 132557
4611.47064 00557.55794 132558
4611.47064 00557.55794 132559
4611.47064 00557.55794 132600
4611.47064 00557.55794 132601
4611.47065 00557.55794 132602
4611.47064 00557.55794 132603
4611.47064 00557.55794 132604
4611.47064 00557.55794 132605
4611.47064 00557.55794 132606
4611.47064 00557.55794 132607
4611.47064 00557.55794 132608
4611.47064 00557.55794 132609
4611.47064 00557.55794 132610
4611.47064 00557.55794 132611
4611.47064 00557.55794 132612
4611.47064 00557.55794 132613
4611.47064 00557.55794 132614
4611.47064 00557.55794 132615
4611.47064 00557.55794 132616
4611.47064 00557.55794 132617
4611.47064 00557.55794 132618
4611.47064 00557.55794 132619
4611.47064 00557.55794 132620
4611.47064 00557.55794 132621
4611.47065 00557.55794 132622
4611.47065 00557.55794 132623
4611.47065 00557.55794 132624
4611.47064 00557.55794 132625
4611.47064 00557.55794 132626
4611.47065 00557.55794 132627
4611.47064 00557.55794 132628
4611.47064 00557.55794 132629
4611.47064 00557.55794 132630
4611.47064 00557.55794 132631
4611.47064 00557.55794 132632
4611.47064 00557.55794 132633
4611.47064 00557.55794 132634
4611.47064 00557.55794 132635
4611.47064 00557.55794 132636
4611.47064 00557.55794 132637
4611.47064 00557.55794 132638
4611.47064 00557.55794 132639
4611.47064 00557.55794 132640
4611.47064 00557.55794 132641
4611.47064 00557.55794 132642
4611.47064 00557.55794 132643
4611.47064 00557.55794 132644
4611.47064 00557.55794 132645
4611.47064 00557.55794 132646
4611.47064 00557.55794 132647
4611.47064 00557.55794 132648
4611.47064 00557.55794 132649
4611.47064 00557.55795 132650
4611.47064 00557.55795 132651
4611.47064 00557.55794 132652
4611.47064 00557.55794 132653
4611.47064 00557.55794 132654
4611.47064 00557.55795 132655
4611.47064 00557.55794 132656
4611.47064 00557.55794 132657
4611.47064 00557.55794 132658
4611.47064 00557.55794 132659
4611.47064 00557.55794 132700
4611.47064 00557.55794 132701
4611.47064 00557.55794 132702
4611.47064 00557.55794 132703
4611.47064 00557.55794 132704
4611.47064 00557.55794 132705
4611.47064 00557.55794 132706
4611.47064 00557.55794 132707
4611.47064 00557.55794 132708
4611.47064 00557.55794 132709
4611.47064 00557.55794 132710
4611.47064 00557.55794 132711
4611.47064 00557.55794 132712
4611.47064 00557.55794 132713
4611.47064 00557.55794 132714
4611.47064 00557.55794 132715
4611.47065 00557.55794 132716
4611.47064 00557.55794 132717
4611.47064 00557.55794 132718
4611.47064 00557.55794 132719
4611.47064 00557.55794 132720
4611.47064 00557.55794 132721
4611.47065 00557.55794 132722
4611.47065 00557.55794 132723
4611.47065 00557.55794 132724
4611.47065 00557.55794 132725
4611.47064 00557.55794 132726
4611.47064 00557.55794 132727
4611.47064 00557.55794 132728
4611.47064 00557.55794 132729
4611.47064 00557.55794 132730
4611.47064 00557.55794 132731
4611.47064 00557.55794 132732
4611.47064 00557.55794 132733
4611.47065 00557.55794 132734
4611.47065 00557.55794 132735
4611.47065 00557.55794 132736
4611.47065 00557.55794 132737
4611.47064 00557.55794 132738
4611.47064 00557.55794 132739
4611.47064 00557.55794 132740
4611.47065 00557.55794 132741
4611.47065 00557.55794 132742
4611.47064 00557.55794 132743
4611.47064 00557.55794 132744
4611.47064 00557.55794 132745
4611.47064 00557.55794 132746
4611.47064 00557.55794 132747
4611.47064 00557.55794 132748
4611.47064 00557.55794 132749
4611.47064 00557.55794 132750
4611.47064 00557.55794 132751
4611.47065 00557.55794 132752
4611.47065 00557.55794 132753
4611.47065 00557.55794 132754
4611.47065 00557.55794 132755
4611.47064 00557.55794 132756
4611.47064 00557.55794 132757
4611.47065 00557.55794 132758
4611.47065 00557.55794 132759
4611.47065 00557.55794 132800
4611.47065 00557.55794 132801
4611.47064 00557.55794 132802
4611.47064 00557.55794 132803
4611.47064 00557.55794 132804
4611.47064 00557.55794 132805
4611.47065 00557.55794 132806
4611.47065 00557.55794 132807
4611.47065 00557.55794 132808
4611.47064 00557.55794 132809
4611.47064 00557.55794 132810
4611.47064 00557.55794 132811
4611.47064 00557.55794 132812
4611.47065 00557.55794 132813
4611.47065 00557.55794 132814
4611.47065 00557.55794 132815
4611.47064 00557.55794 132816
4611.47064 00557.55794 132817
4611.47064 00557.55794 132818
4611.47064 00557.55794 132819
4611.47064 00557.55794 132820
4611.47064 00557.55794 132821
4611.47064 00557.55794 132822
4611.47064 00557.55794 132823
4611.47064 00557.55794 132824
4611.47064 00557.55794 132825
4611.47064 00557.55794 132826
4611.47065 00557.55794 132827
4611.47065 00557.55794 132828
4611.47065 00557.55794 132829
4611.47065 00557.55794 132830
4611.47065 00557.55794 132831
4611.47065 00557.55794 132832
4611.47064 00557.55794 132833
4611.47064 00557.55794 132834
4611.47064 00557.55794 132835
4611.47065 00557.55794 132836
4611.47065 00557.55794 132837
4611.47065 00557.55794 132838
4611.47064 00557.55794 132839
4611.47064 00557.55794 132840
4611.47064 00557.55794 132841
4611.47064 00557.55794 132842
4611.47064 00557.55794 132843
4611.47064 00557.55794 132844
4611.47065 00557.55794 132845
4611.47065 00557.55794 132846
4611.47065 00557.55794 132847
4611.47064 00557.55794 132848
4611.47064 00557.55794 132849
4611.47064 00557.55794 132850
4611.47064 00557.55794 132851
4611.47064 00557.55794 132852
4611.47065 00557.55794 132853
4611.47064 00557.55794 132854
4611.47064 00557.55794 132855
4611.47064 00557.55794 132856
4611.47064 00557.55794 132857
4611.47064 00557.55794 132858
4611.47064 00557.55794 132859
4611.47064 00557.55794 132900
4611.47064 00557.55794 132901
4611.47065 00557.55794 132902
4611.47065 00557.55794 132903
4611.47064 00557.55794 132904
4611.47064 00557.55794 132905
4611.47064 00557.55794 132906
4611.47064 00557.55794 132907
4611.47064 00557.55794 132908
4611.47064 00557.55794 132909
4611.47065 00557.55794 132910
4611.47064 00557.55794 132911
4611.47064 00557.55794 132912
4611.47064 00557.55794 132913
4611.47065 00557.55794 132914
4611.47065 00557.55794 132915
4611.47065 00557.55794 132916
4611.47065 00557.55794 132917
4611.47064 00557.55794 132918
4611.47065 00557.55794 132919
4611.47065 00557.55794 132920
4611.47064 00557.55794 132921
4611.47064 00557.55794 132922
4611.47064 00557.55794 132923
4611.47064 00557.55794 132924
4611.47064 00557.55794 132925
4611.47064 00557.55794 132926
4611.47064 00557.55794 132927
4611.47064 00557.55794 132928
4611.47064 00557.55794 132929
4611.47064 00557.55794 132930
4611.47064 00557.55794 132931
4611.47064 00557.55794 132932
4611.47064 00557.55794 132933
4611.47064 00557.55794 132934
4611.47065 00557.55794 132935
4611.47065 00557.55794 132936
4611.47064 00557.55794 132937
4611.47065 00557.55794 132938
4611.47065 00557.55794 132939
4611.47064 00557.55794 132940
4611.47064 00557.55794 132941
4611.47065 00557.55794 132942
4611.47065 00557.55794 132943
4611.47065 00557.55794 132944
4611.47065 00557.55794 132945
4611.47064 00557.55794 132946
4611.47064 00557.55794 132947
4611.47065 00557.55794 132948
4611.47065 00557.55794 132949
4611.47065 00557.55794 132950
4611.47065 00557.55794 132951
4611.47065 00557.55794 132952
4611.47065 00557.55794 132953
4611.47065 00557.55794 132954
4611.47064 00557.55794 132955
4611.47065 00557.55794 132956
4611.47065 00557.55794 132957
4611.47065 00557.55794 132958
4611.47065 00557.55794 132959
4611.47064 00557.55794 133000
4611.47064 00557.55794 133001
4611.47064 00557.55794 133002
4611.47064 00557.55794 133003
4611.47065 00557.55794 133004
4611.47065 00557.55794 133005
4611.47065 00557.55794 133006
4611.47065 00557.55794 133007
4611.47064 00557.55794 133008
4611.47065 00557.55794 133009
4611.47065 00557.55794 133010
4611.47065 00557.55794 133011
4611.47064 00557.55794 133012
4611.47064 00557.55794 133013
4611.47064 00557.55794 133014
4611.47064 00557.55794 133015
4611.47065 00557.55794 133016
4611.47065 00557.55794 133017
4611.47065 00557.55794 133018
4611.47065 00557.55794 133019
4611.47065 00557.55794 133020
4611.47065 00557.55794 133021
4611.47064 00557.55794 133022
4611.47064 00557.55794 133023
4611.47064 00557.55794 133024
4611.47065 00557.55794 133025
4611.47065 00557.55794 133026
4611.47065 00557.55794 133027
4611.47064 00557.55794 133028
4611.47064 00557.55794 133029
4611.47064 00557.55794 133030
4611.47064 00557.55794 133031
4611.47064 00557.55794 133032
4611.47064 00557.55794 133033
4611.47064 00557.55794 133034
4611.47064 00557.55794 133035
4611.47064 00557.55794 133036
4611.47064 00557.55794 133037
4611.47064 00557.55794 133038
4611.47064 00557.55794 133039
4611.47064 00557.55794 133040
4611.47064 00557.55794 133041
4611.47064 00557.55794 133042
4611.47064 00557.55794 133043
4611.47064 00557.55794 133044
4611.47064 00557.55794 133045
4611.47064 00557.55794 133046
4611.47064 00557.55794 133047
4611.47064 00557.55794 133048
4611.47064 00557.55794 133049
4611.47064 00557.55794 133050
4611.47064 00557.55794 133051
4611.47065 00557.55794 133052
4611.47065 00557.55794 133053
4611.47064 00557.55794 133054
4611.47064 00557.55794 133055
4611.47064 00557.55794 133056
4611.47064 00557.55794 133057
4611.47064 00557.55794 133058
4611.47064 00557.55794 133059
4611.47064 00557.55794 133100
4611.47064 00557.55794 133101
4611.47064 00557.55794 133102
4611.47064 00557.55794 133103
4611.47064 00557.55794 133104
4611.47065 00557.55794 133105
4611.47065 00557.55794 133106
4611.47065 00557.55794 133107
4611.47064 00557.55794 133108
4611.47064 00557.55794 133109
4611.47064 00557.55794 133110
4611.47064 00557.55794 133111
4611.47064 00557.55794 133112
4611.47064 00557.55794 133113
4611.47064 00557.55794 133114
4611.47064 00557.55794 133115
4611.47064 00557.55794 133116
4611.47065 00557.55794 133117
4611.47065 00557.55794 133118
4611.47065 00557.55794 133119
4611.47064 00557.55794 133120
4611.47064 00557.55794 133121
4611.47064 00557.55794 133122
4611.47064 00557.55794 133123
4611.47064 00557.55794 133124
4611.47065 00557.55794 133125
4611.47065 00557.55794 133126
4611.47064 00557.55794 133127
4611.47064 00557.55794 133128
4611.47065 00557.55794 133129
4611.47065 00557.55794 133130
4611.47065 00557.55794 133131
4611.47065 00557.55794 133132
4611.47065 00557.55794 133133
4611.47064 00557.55794 133134
4611.47064 00557.55794 133135
4611.47064 00557.55794 133136
4611.47064 00557.55794 133137
4611.47065 00557.55794 133138
4611.47064 00557.55794 133139
4611.47065 00557.55794 133140
4611.47065 00557.55794 133141
4611.47065 00557.55794 133142
4611.47065 00557.55794 133143
4611.47065 00557.55794 133144
4611.47065 00557.55794 133145
4611.47065 00557.55794 133146
4611.47064 00557.55794 133147
4611.47065 00557.55794 133148
4611.47065 00557.55794 133149
4611.47065 00557.55794 133150
4611.47065 00557.55794 133151
4611.47065 00557.55794 133152
4611.47065 00557.55794 133153
4611.47065 00557.55794 133154
4611.47064 00557.55794 133155
4611.47064 00557.55794 133156
4611.47065 00557.55794 133157
4611.47065 00557.55794 133158
4611.47065 00557.55794 133159
4611.47065 00557.55794 133200
4611.47064 00557.55794 133201
4611.47064 00557.55794 133202
4611.47064 00557.55794 133203
4611.47065 00557.55794 133204
4611.47065 00557.55794 133205
4611.47065 00557.55794 133206
4611.47064 00557.55794 133207
4611.47064 00557.55794 133208
4611.47064 00557.55794 133209
4611.47064 00557.55794 133210
4611.47064 00557.55794 133211
4611.47064 00557.55794 133212
4611.47064 00557.55794 133213
4611.47064 00557.55794 133214
4611.47064 00557.55794 133215
4611.47064 00557.55794 133216
4611.47064 00557.55794 133217
4611.47064 00557.55794 133218
4611.47064 00557.55794 133219
4611.47064 00557.55794 133220
4611.47064 00557.55794 133221
4611.47064 00557.55794 133222
4611.47064 00557.55794 133223
4611.47065 00557.55794 133224
4611.47065 00557.55794 133225
4611.47064 00557.55794 133226
4611.47064 00557.55794 133227
4611.47064 00557.55794 133228
4611.47064 00557.55794 133229
4611.47064 00557.55794 133230
4611.47064 00557.55794 133231
4611.47064 00557.55794 133232
4611.47065 00557.55794 133233
4611.47065 00557.55794 133234
4611.47065 00557.55794 133235
4611.47065 00557.55794 133236
4611.47065 00557.55794 133237
4611.47065 00557.55794 133238
4611.47065 00557.55794 133239
4611.47065 00557.55794 133240
4611.47065 00557.55794 133241
4611.47065 00557.55794 133242
4611.47065 00557.55794 133243
4611.47065 00557.55794 133244
4611.47064 00557.55794 133245
4611.47064 00557.55794 133246
4611.47064 00557.55794 133247
4611.47064 00557.55794 133248
4611.47064 00557.55794 133249
4611.47065 00557.55794 133250
4611.47064 00557.55794 133251
4611.47064 00557.55794 133252
4611.47064 00557.55794 133253
4611.47064 00557.55794 133254
4611.47065 00557.55794 133255
4611.47065 00557.55794 133256
4611.47065 00557.55794 133257
4611.47064 00557.55794 133258
4611.47064 00557.55794 133259
4611.47064 00557.55794 133300
4611.47064 00557.55794 133301
4611.47064 00557.55794 133302
4611.47064 00557.55794 133303
4611.47065 00557.55794 133304
4611.47065 00557.55794 133305
4611.47065 00557.55794 133306
4611.47065 00557.55794 133307
4611.47064 00557.55794 133308
4611.47064 00557.55794 133309
4611.47065 00557.55794 133310
4611.47065 00557.55794 133311
4611.47065 00557.55794 133312
4611.47065 00557.55794 133313
4611.47065 00557.55794 133314
4611.47064 00557.55794 133315
4611.47065 00557.55794 133316
4611.47065 00557.55794 133317
4611.47065 00557.55794 133318
4611.47065 00557.55794 133319
4611.47065 00557.55794 133320
4611.47064 00557.55794 133321
4611.47064 00557.55794 133322
4611.47064 00557.55794 133323
4611.47065 00557.55794 133324
4611.47065 00557.55794 133325
4611.47065 00557.55794 133326
4611.47065 00557.55794 133327
4611.47065 00557.55794 133328
4611.47065 00557.55794 133329
4611.47065 00557.55794 133330
4611.47064 00557.55794 133331
4611.47064 00557.55794 133332
4611.47064 00557.55794 133333
4611.47064 00557.55794 133334
4611.47064 00557.55794 133335
4611.47064 00557.55794 133336
4611.47064 00557.55794 133337
4611.47064 00557.55794 133338
4611.47065 00557.55794 133339
4611.47065 00557.55794 133340
4611.47065 00557.55794 133341
4611.47064 00557.55794 133342
4611.47064 00557.55794 133343
4611.47064 00557.55794 133344
4611.47064 00557.55794 133345
4611.47064 00557.55794 133346
4611.47064 00557.55794 133347
4611.47064 00557.55794 133348
4611.47064 00557.55794 133349
4611.47064 00557.55794 133350
4611.47064 00557.55794 133351
4611.47064 00557.55794 133352
4611.47064 00557.55794 133353
4611.47064 00557.55794 133354
4611.47064 00557.55794 133355
4611.47064 00557.55794 133356
4611.47064 00557.55794 133357
4611.47064 00557.55794 133358
4611.47064 00557.55794 133359
4611.47064 00557.55794 133400
4611.47065 00557.55794 133401
4611.47065 00557.55794 133402
4611.47064 00557.55794 133403
4611.47064 00557.55794 133404
4611.47064 00557.55794 133405
4611.47064 00557.55794 133406
4611.47064 00557.55794 133407
4611.47064 00557.55794 133408
4611.47064 00557.55794 133409
4611.47064 00557.55794 133410
4611.47064 00557.55794 133411
4611.47065 00557.55794 133412
4611.47064 00557.55794 133413
4611.47064 00557.55794 133414
4611.47064 00557.55794 133415
4611.47064 00557.55794 133416
4611.47065 00557.55794 133417
4611.47065 00557.55794 133418
4611.47064 00557.55794 133419
4611.47064 00557.55794 133420
4611.47064 00557.55794 133421
4611.47064 00557.55794 133422
4611.47064 00557.55794 133423
4611.47065 00557.55794 133424
4611.47064 00557.55794 133425
4611.47064 00557.55794 133426
4611.47064 00557.55794 133427
4611.47064 00557.55794 133428
4611.47064 00557.55794 133429
4611.47064 00557.55794 133430
4611.47065 00557.55794 133431
4611.47065 00557.55794 133432
4611.47065 00557.55794 133433
4611.47065 00557.55794 133434
4611.47064 00557.55794 133435
4611.47064 00557.55794 133436
4611.47064 00557.55794 133437
4611.47064 00557.55794 133438
4611.47065 00557.55794 133439
4611.47065 00557.55794 133440
4611.47065 00557.55794 133441
4611.47065 00557.55794 133442
4611.47064 00557.55794 133443
4611.47064 00557.55794 133444
4611.47064 00557.55794 133445
4611.47064 00557.55794 133446
4611.47064 00557.55794 133447
4611.47064 00557.55794 133448
4611.47065 00557.55794 133449
4611.47065 00557.55794 133450
4611.47065 00557.55794 133451
4611.47065 00557.55794 133452
4611.47064 00557.55794 133453
4611.47064 00557.55794 133454
4611.47064 00557.55794 133455
4611.47065 00557.55794 133456
4611.47065 00557.55794 133457
4611.47065 00557.55794 133458
4611.47065 00557.55794 133459
4611.47064 00557.55794 133500
4611.47064 00557.55794 133501
4611.47064 00557.55794 133502
4611.47065 00557.55794 133503
4611.47064 00557.55794 133504
4611.47064 00557.55794 133505
4611.47064 00557.55794 133506
4611.47065 00557.55794 133507
4611.47065 00557.55794 133508
4611.47065 00557.55794 133509
4611.47064 00557.55794 133510
4611.47064 00557.55794 133511
4611.47064 00557.55794 133512
4611.47065 00557.55794 133513
4611.47064 00557.55794 133514
4611.47064 00557.55794 133515
4611.47064 00557.55794 133516
4611.47064 00557.55794 133517
4611.47064 00557.55794 133518
4611.47064 00557.55794 133519
4611.47064 00557.55794 133520
4611.47064 00557.55794 133521
4611.47064 00557.55794 133522
4611.47064 00557.55794 133523
4611.47064 00557.55794 133524
4611.47064 00557.55794 133525
4611.47064 00557.55794 133526
4611.47064 00557.55794 133527
4611.47064 00557.55794 133528
4611.47064 00557.55794 133529
4611.47064 00557.55794 133530
4611.47064 00557.55794 133531
4611.47064 00557.55794 133532
4611.47064 00557.55794 133533
4611.47064 00557.55794 133534
4611.47064 00557.55794 133535
4611.47064 00557.55794 133536
4611.47065 00557.55794 133537
4611.47065 00557.55794 133538
4611.47065 00557.55794 133539
4611.47064 00557.55794 133540
4611.47064 00557.55794 133541
4611.47064 00557.55794 133542
4611.47064 00557.55794 133543
4611.47064 00557.55794 133544
4611.47065 00557.55794 133545
4611.47065 00557.55795 133546
4611.47065 00557.55794 133547
4611.47065 00557.55794 133548
4611.47064 00557.55794 133549
4611.47064 00557.55794 133550
4611.47064 00557.55794 133551
4611.47064 00557.55794 133552
4611.47064 00557.55794 133553
4611.47064 00557.55794 133554
4611.47064 00557.55794 133555
4611.47064 00557.55794 133556
4611.47064 00557.55794 133557
4611.47065 00557.55794 133558
4611.47065 00557.55794 133559
4611.47065 00557.55794 133600
4611.47065 00557.55794 133601
4611.47064 00557.55794 133602
4611.47064 00557.55794 133603
4611.47064 00557.55794 133604
4611.47064 00557.55794 133605
4611.47065 00557.55794 133606
4611.47065 00557.55794 133607
4611.47065 00557.55794 133608
4611.47064 00557.55794 133609
4611.47064 00557.55794 133610
4611.47064 00557.55794 133611
4611.47064 00557.55794 133612
4611.47065 00557.55794 133613
4611.47065 00557.55794 133614
4611.47065 00557.55794 133615
4611.47064 00557.55794 133616
4611.47064 00557.55794 133617
4611.47065 00557.55794 133618
4611.47064 00557.55794 133619
4611.47064 00557.55794 133620
4611.47064 00557.55794 133621
4611.47065 00557.55794 133622
4611.47064 00557.55794 133623
4611.47064 00557.55794 133624
4611.47064 00557.55794 133625
4611.47064 00557.55794 133626
4611.47064 00557.55794 133627
4611.47065 00557.55794 133628
4611.47064 00557.55794 133629
4611.47064 00557.55794 133630
4611.47064 00557.55794 133631
4611.47064 00557.55794 133632
4611.47064 00557.55794 133633
4611.47065 00557.55794 133634
4611.47065 00557.55794 133635
4611.47064 00557.55794 133636
4611.47064 00557.55794 133637
4611.47064 00557.55794 133638
4611.47064 00557.55794 133639
4611.47064 00557.55794 133640
4611.47064 00557.55794 133641
4611.47064 00557.55794 133642
4611.47064 00557.55794 133643
4611.47064 00557.55795 133644
4611.47065 00557.55795 133645
4611.47065 00557.55795 133646
4611.47064 00557.55794 133647
4611.47064 00557.55794 133648
4611.47064 00557.55794 133649
4611.47064 00557.55794 133650
4611.47064 00557.55794 133651
4611.47064 00557.55794 133652
4611.47064 00557.55794 133653
4611.47064 00557.55794 133654
4611.47064 00557.55794 133655
4611.47064 00557.55794 133656
4611.47064 00557.55794 133657
4611.47064 00557.55794 133658
4611.47064 00557.55794 133659
4611.47064 00557.55794 133700
4611.47064 00557.55794 133701
4611.47064 00557.55794 133702
4611.47064 00557.55794 133703
4611.47064 00557.55795 133704
4611.47064 00557.55795 133705
4611.47065 00557.55795 133706
4611.47064 00557.55795 133707
4611.47064 00557.55795 133708
4611.47064 00557.55794 133709
4611.47064 00557.55795 133710
4611.47064 00557.55794 133711
4611.47064 00557.55795 133712
4611.47065 00557.55795 133713
4611.47065 00557.55795 133714
4611.47064 00557.55795 133715
4611.47064 00557.55795 133716
4611.47064 00557.55795 133717
4611.47065 00557.55795 133718
4611.47065 00557.55795 133719
4611.47065 00557.55795 133720
4611.47064 00557.55795 133721
4611.47064 00557.55795 133722
4611.47064 00557.55795 133723
4611.47065 00557.55795 133724
4611.47065 00557.55795 133725
4611.47065 00557.55795 133726
4611.47065 00557.55794 133727
4611.47065 00557.55795 133728
4611.47065 00557.55794 133729
4611.47065 00557.55794 133730
4611.47065 00557.55794 133731
4611.47065 00557.55794 133732
4611.47065 00557.55795 133733
4611.47065 00557.55794 133734
4611.47065 00557.55794 133735
4611.47064 00557.55795 133736
4611.47064 00557.55795 133737
4611.47064 00557.55794 133738
4611.47064 00557.55794 133739
4611.47064 00557.55794 133740
4611.47064 00557.55795 133741
4611.47065 00557.55795 133742
4611.47065 00557.55795 133743
4611.47065 00557.55795 133744
4611.47064 00557.55795 133745
4611.47064 00557.55795 133746
4611.47064 00557.55794 133747
4611.47064 00557.55794 133748
4611.47064 00557.55794 133749
4611.47064 00557.55794 133750
4611.47064 00557.55795 133751
4611.47064 00557.55795 133752
4611.47064 00557.55795 133753
4611.47064 00557.55794 133754
4611.47065 00557.55794 133755
4611.47065 00557.55794 133756
4611.47065 00557.55795 133757
4611.47064 00557.55795 133758
4611.47065 00557.55795 133759
4611.47064 00557.55794 133800
4611.47064 00557.55794 133801
4611.47064 00557.55795 133802
4611.47065 00557.55795 133803
4611.47064 00557.55795 133804
4611.47064 00557.55794 133805
4611.47064 00557.55794 133806
4611.47064 00557.55794 133807
4611.47064 00557.55794 133808
4611.47064 00557.55794 133809
4611.47064 00557.55794 133810
4611.47064 00557.55795 133811
4611.47064 00557.55794 133812
4611.47065 00557.55795 133813
4611.47064 00557.55794 133814
4611.47064 00557.55794 133815
4611.47064 00557.55795 133816
4611.47064 00557.55795 133817
4611.47064 00557.55795 133818
4611.47064 00557.55795 133819
4611.47064 00557.55795 133820
4611.47064 00557.55795 133821
4611.47064 00557.55795 133822
4611.47064 00557.55795 133823
4611.47064 00557.55795 133824
4611.47064 00557.55794 133825
4611.47064 00557.55795 133826
4611.47064 00557.55795 133827
4611.47064 00557.55795 133828
4611.47064 00557.55795 133829
4611.47065 00557.55794 133830
4611.47064 00557.55794 133831
4611.47064 00557.55794 133832
4611.47064 00557.55794 133833
4611.47064 00557.55795 133834
4611.47064 00557.55794 133835
4611.47064 00557.55794 133836
4611.47064 00557.55794 133837
4611.47064 00557.55794 133838
4611.47064 00557.55794 133839
4611.47064 00557.55794 133840
4611.47064 00557.55794 133841
4611.47064 00557.55794 133842
4611.47064 00557.55794 133843
4611.47064 00557.55794 133844
4611.47064 00557.55794 133845
4611.47064 00557.55794 133846
4611.47064 00557.55794 133847
4611.47064 00557.55794 133848
4611.47064 00557.55794 133849
4611.47064 00557.55794 133850
4611.47064 00557.55794 133851
4611.47064 00557.55794 133852
4611.47064 00557.55794 133853
4611.47064 00557.55794 133854
4611.47064 00557.55794 133855
4611.47064 00557.55794 133856
4611.47064 00557.55794 133857
4611.47064 00557.55794 133858
4611.47064 00557.55794 133859
4611.47064 00557.55794 133900
4611.47064 00557.55794 133901
4611.47064 00557.55794 133902
4611.47064 00557.55794 133903
4611.47064 00557.55794 133904
4611.47064 00557.55794 133905
4611.47064 00557.55794 133906
4611.47064 00557.55794 133907
4611.47064 00557.55794 133908
4611.47064 00557.55794 133909
4611.47064 00557.55794 133910
4611.47064 00557.55794 133911
4611.47064 00557.55794 133912
4611.47064 00557.55794 133913
4611.47064 00557.55794 133914
4611.47064 00557.55794 133915
4611.47064 00557.55794 133916
4611.47064 00557.55794 133917
4611.47064 00557.55794 133918
4611.47064 00557.55794 133919
4611.47064 00557.55794 133920
4611.47064 00557.55794 133921
4611.47064 00557.55794 133922
4611.47064 00557.55794 133923
4611.47064 00557.55794 133924
4611.47064 00557.55794 133925
4611.47064 00557.55794 133926
4611.47064 00557.55795 133927
4611.47064 00557.55795 133928
4611.47064 00557.55794 133929
4611.47064 00557.55794 133930
4611.47064 00557.55794 133931
4611.47064 00557.55795 133932
4611.47064 00557.55795 133933
4611.47064 00557.55794 133934
4611.47064 00557.55794 133935
4611.47064 00557.55795 133936
4611.47064 00557.55794 133937
4611.47064 00557.55794 133938
4611.47064 00557.55794 133939
4611.47064 00557.55794 133940
4611.47064 00557.55794 133941
4611.47064 00557.55794 133942
4611.47064 00557.55794 133943
4611.47064 00557.55794 133944
4611.47065 00557.55794 133945
4611.47065 00557.55794 133946
4611.47064 00557.55794 133947
4611.47064 00557.55794 133948
4611.47064 00557.55794 133949
4611.47064 00557.55794 133950
4611.47065 00557.55794 133951
4611.47065 00557.55794 133952
4611.47065 00557.55794 133953
4611.47065 00557.55794 133954
4611.47064 00557.55794 133955
4611.47064 00557.55794 133956
4611.47064 00557.55794 133957
4611.47064 00557.55794 133958
4611.47064 00557.55794 133959