4611.47547 00557.56143 144500
4611.47547 00557.56143 144501
4611.47547 00557.56143 144502
4611.47547 00557.56143 144503
4611.47547 00557.56143 144504
4611.47547 00557.56143 144505
4611.47547 00557.56143 144506
4611.47547 00557.56143 144507
4611.47547 00557.56143 144508
4611.47547 00557.56143 144509
4611.47547 00557.56143 144510
4611.47547 00557.56143 144511
4611.47547 00557.56143 144512
4611.47547 00557.56143 144513
4611.47547 00557.56143 144514
4611.47547 00557.56143 144515
4611.47547 00557.56143 144516
4611.47547 00557.56143 144517
4611.47547 00557.56143 144518
4611.47547 00557.56143 144519
4611.47547 00557.56143 144520
4611.47547 00557.56143 144521
4611.47547 00557.56143 144522
4611.47547 00557.56143 144523
4611.47547 00557.56143 144524
4611.47547 00557.56143 144525
4611.47547 00557.56143 144526
4611.47547 00557.56143 144527
4611.47547 00557.56143 144528
4611.47547 00557.56143 144529
4611.47547 00557.56143 144530
4611.47547 00557.56143 144531
4611.47547 00557.56143 144532
4611.47547 00557.56143 144533
4611.47547 00557.56143 144534
4611.47547 00557.56143 144535
4611.47547 00557.56143 144536
4611.47547 00557.56143 144537
4611.47547 00557.56143 144538
4611.47547 00557.56143 144539
4611.47547 00557.56143 144540
4611.47547 00557.56143 144541
4611.47547 00557.56143 144542
4611.47547 00557.56143 144543
4611.47547 00557.56143 144544
4611.47547 00557.56143 144545
4611.47547 00557.56143 144546
4611.47547 00557.56143 144547
4611.47547 00557.56143 144548
4611.47547 00557.56143 144549
4611.47547 00557.56143 144550
4611.47547 00557.56143 144551
4611.47547 00557.56143 144552
4611.47547 00557.56143 144553
4611.47547 00557.56143 144554
4611.47547 00557.56143 144555
4611.47547 00557.56143 144556
4611.47547 00557.56143 144557
4611.47547 00557.56143 144558
4611.47547 00557.56143 144559
4611.47547 00557.56143 144600
4611.47547 00557.56143 144601
4611.47547 00557.56143 144602
4611.47547 00557.56143 144603
4611.47547 00557.56143 144604
4611.47547 00557.56143 144605
4611.47547 00557.56143 144606
4611.47547 00557.56143 144607
4611.47547 00557.56143 144608
4611.47547 00557.56143 144609
4611.47547 00557.56143 144610
4611.47547 00557.56143 144611
4611.47547 00557.56143 144612
4611.47547 00557.56143 144613
4611.47547 00557.56143 144614
4611.47547 00557.56143 144615
4611.47547 00557.56143 144616
4611.47547 00557.56143 144617
4611.47547 00557.56143 144618
4611.47547 00557.56143 144619
4611.47547 00557.56143 144620
4611.47547 00557.56143 144621
4611.47547 00557.56143 144622
4611.47547 00557.56143 144623
4611.47547 00557.56143 144624
4611.47547 00557.56143 144625
4611.47547 00557.56143 144626
4611.47547 00557.56143 144627
4611.47547 00557.56143 144628
4611.47547 00557.56143 144629
4611.47547 00557.56143 144630
4611.47547 00557.56143 144631
4611.47547 00557.56143 144632
4611.47547 00557.56143 144633
4611.47547 00557.56143 144634
4611.47547 00557.56143 144635
4611.47547 00557.56143 144636
4611.47547 00557.56143 144637
4611.47547 00557.56143 144638
4611.47547 00557.56143 144639
4611.47547 00557.56143 144640
4611.47547 00557.56143 144641
4611.47547 00557.56143 144642
4611.47547 00557.56143 144643
4611.47547 00557.56143 144644
4611.47547 00557.56143 144645
4611.47547 00557.56143 144646
4611.47547 00557.56143 144647
4611.47547 00557.56143 144648
4611.47547 00557.56143 144649
4611.47547 00557.56143 144650
4611.47547 00557.56143 144651
4611.47547 00557.56143 144652
4611.47547 00557.56143 144653
4611.47547 00557.56143 144654
4611.47547 00557.56143 144655
4611.47547 00557.56143 144656
4611.47547 00557.56143 144657
4611.47547 00557.56143 144658
4611.47547 00557.56143 144659
4611.47547 00557.56143 144700
4611.47547 00557.56143 144701
4611.47547 00557.56143 144702
4611.47547 00557.56143 144703
4611.47547 00557.56143 144704
4611.47547 00557.56143 144705
4611.47547 00557.56143 144706
4611.47547 00557.56143 144707
4611.47547 00557.56143 144708
4611.47547 00557.56143 144709
4611.47547 00557.56143 144710
4611.47547 00557.56143 144711
4611.47547 00557.56143 144712
4611.47547 00557.56143 144713
4611.47547 00557.56143 144714
4611.47547 00557.56143 144715
4611.47547 00557.56143 144716
4611.47547 00557.56143 144717
4611.47547 00557.56143 144718
4611.47547 00557.56143 144719
4611.47547 00557.56143 144720
4611.47547 00557.56143 144721
4611.47547 00557.56143 144722
4611.47547 00557.56143 144723
4611.47547 00557.56143 144724
4611.47547 00557.56143 144725
4611.47547 00557.56143 144726
4611.47547 00557.56143 144727
4611.47547 00557.56143 144728
4611.47547 00557.56143 144729
4611.47547 00557.56143 144730
4611.47547 00557.56143 144731
4611.47547 00557.56143 144732
4611.47547 00557.56143 144733
4611.47547 00557.56143 144734
4611.47547 00557.56143 144735
4611.47547 00557.56143 144736
4611.47547 00557.56143 144737
4611.47547 00557.56143 144738
4611.47547 00557.56143 144739
4611.47547 00557.56143 144740
4611.47547 00557.56143 144741
4611.47547 00557.56143 144742
4611.47547 00557.56143 144743
4611.47547 00557.56143 144744
4611.47547 00557.56143 144745
4611.47547 00557.56143 144746
4611.47547 00557.56143 144747
4611.47547 00557.56143 144748
4611.47547 00557.56143 144749
4611.47547 00557.56143 144750
4611.47547 00557.56143 144751
4611.47547 00557.56143 144752
4611.47547 00557.56143 144753
4611.47547 00557.56143 144754
4611.47547 00557.56143 144755
4611.47547 00557.56143 144756
4611.47547 00557.56143 144757
4611.47547 00557.56143 144758
4611.47547 00557.56143 144759
4611.47547 00557.56143 144800
4611.47547 00557.56143 144801
4611.47547 00557.56143 144802
4611.47547 00557.56143 144803
4611.47547 00557.56143 144804
4611.47547 00557.56143 144805
4611.47547 00557.56143 144806
4611.47547 00557.56143 144807
4611.47547 00557.56143 144808
4611.47547 00557.56143 144809
4611.47547 00557.56143 144810
4611.47547 00557.56143 144811
4611.47547 00557.56143 144812
4611.47547 00557.56143 144813
4611.47547 00557.56143 144814
4611.47547 00557.56143 144815
4611.47547 00557.56143 144816
4611.47547 00557.56143 144817
4611.47547 00557.56143 144818
4611.47547 00557.56143 144819
4611.47547 00557.56143 144820
4611.47547 00557.56143 144821
4611.47547 00557.56143 144822
4611.47547 00557.56143 144823
4611.47547 00557.56143 144824
4611.47547 00557.56143 144825
4611.47547 00557.56143 144826
4611.47547 00557.56143 144827
4611.47547 00557.56143 144828
4611.47547 00557.56143 144829
4611.47547 00557.56143 144830
4611.47547 00557.56143 144831
4611.47547 00557.56143 144832
4611.47547 00557.56143 144833
4611.47547 00557.56143 144834
4611.47547 00557.56143 144835
4611.47547 00557.56143 144836
4611.47547 00557.56143 144837
4611.47547 00557.56143 144838
4611.47547 00557.56143 144839
4611.47547 00557.56143 144840
4611.47547 00557.56143 144841
4611.47547 00557.56143 144842
4611.47547 00557.56143 144843
4611.47547 00557.56143 144844
4611.47547 00557.56143 144845
4611.47547 00557.56143 144846
4611.47547 00557.56143 144847
4611.47547 00557.56143 144848
4611.47547 00557.56143 144849
4611.47547 00557.56143 144850
4611.47547 00557.56143 144851
4611.47547 00557.56143 144852
4611.47547 00557.56143 144853
4611.47547 00557.56143 144854
4611.47547 00557.56143 144855
4611.47547 00557.56143 144856
4611.47547 00557.56143 144857
4611.47547 00557.56143 144858
4611.47547 00557.56143 144859
4611.47547 00557.56143 144900
4611.47547 00557.56143 144901
4611.47547 00557.56143 144902
4611.47547 00557.56143 144903
4611.47547 00557.56143 144904
4611.47547 00557.56143 144905
4611.47547 00557.56143 144906
4611.47547 00557.56143 144907
4611.47547 00557.56143 144908
4611.47547 00557.56143 144909
4611.47547 00557.56143 144910
4611.47547 00557.56143 144911
4611.47547 00557.56143 144912
4611.47547 00557.56143 144913
4611.47547 00557.56143 144914
4611.47547 00557.56143 144915
4611.47547 00557.56143 144916
4611.47547 00557.56143 144917
4611.47547 00557.56143 144918
4611.47547 00557.56143 144919
4611.47547 00557.56143 144920
4611.47547 00557.56143 144921
4611.47547 00557.56143 144922
4611.47547 00557.56143 144923
4611.47547 00557.56143 144924
4611.47547 00557.56143 144925
4611.47547 00557.56143 144926
4611.47547 00557.56143 144927
4611.47547 00557.56143 144928
4611.47547 00557.56143 144929
4611.47547 00557.56143 144930
4611.47547 00557.56143 144931
4611.47547 00557.56143 144932
4611.47547 00557.56143 144933
4611.47547 00557.56143 144934
4611.47547 00557.56143 144935
4611.47547 00557.56143 144936
4611.47547 00557.56143 144937
4611.47547 00557.56143 144938
4611.47547 00557.56143 144939
4611.47547 00557.56143 144940
4611.47547 00557.56143 144941
4611.47547 00557.56143 144942
4611.47547 00557.56143 144943
4611.47547 00557.56143 144944
4611.47547 00557.56143 144945
4611.47547 00557.56143 144946
4611.47547 00557.56143 144947
4611.47547 00557.56143 144948
4611.47547 00557.56143 144949
4611.47547 00557.56143 144950
4611.47547 00557.56143 144951
4611.47547 00557.56143 144952
4611.47547 00557.56143 144953
4611.47547 00557.56143 144954
4611.47547 00557.56143 144955
4611.47547 00557.56143 144956
4611.47547 00557.56143 144957
4611.47547 00557.56143 144958
4611.47547 00557.56143 144959
4611.47547 00557.56143 145000
4611.47547 00557.56143 145001
4611.47547 00557.56143 145002
4611.47547 00557.56143 145003
4611.47547 00557.56143 145004
4611.47547 00557.56143 145005
4611.47547 00557.56143 145006
4611.47547 00557.56143 145007
4611.47547 00557.56143 145008
4611.47547 00557.56143 145009
4611.47547 00557.56143 145010
4611.47547 00557.56143 145011
4611.47547 00557.56143 145012
4611.47547 00557.56143 145013
4611.47547 00557.56143 145014
4611.47547 00557.56143 145015
4611.47547 00557.56143 145016
4611.47547 00557.56143 145017
4611.47547 00557.56143 145018
4611.47547 00557.56143 145019
4611.47547 00557.56143 145020
4611.47547 00557.56143 145021
4611.47547 00557.56143 145022
4611.47547 00557.56143 145023
4611.47547 00557.56143 145024
4611.47547 00557.56143 145025
4611.47547 00557.56143 145026
4611.47547 00557.56143 145027
4611.47547 00557.56143 145028
4611.47547 00557.56143 145029
4611.47547 00557.56143 145030
4611.47547 00557.56143 145031
4611.47547 00557.56143 145032
4611.47547 00557.56143 145033
4611.47547 00557.56143 145034
4611.47547 00557.56143 145035
4611.47547 00557.56143 145036
4611.47547 00557.56143 145037
4611.47547 00557.56143 145038
4611.47547 00557.56143 145039
4611.47547 00557.56143 145040
4611.47547 00557.56143 145041
4611.47547 00557.56143 145042
4611.47547 00557.56143 145043
4611.47547 00557.56143 145044
4611.47547 00557.56143 145045
4611.47547 00557.56143 145046
4611.47547 00557.56143 145047
4611.47547 00557.56143 145048
4611.47547 00557.56143 145049
4611.47547 00557.56143 145050
4611.47547 00557.56143 145051
4611.47547 00557.56143 145052
4611.47547 00557.56143 145053
4611.47547 00557.56143 145054
4611.47547 00557.56143 145055
4611.47547 00557.56143 145056
4611.47547 00557.56143 145057
4611.47547 00557.56143 145058
4611.47547 00557.56143 145059
4611.47547 00557.56143 145100
4611.47547 00557.56143 145101
4611.47547 00557.56143 145102
4611.47547 00557.56143 145103
4611.47547 00557.56143 145104
4611.47547 00557.56143 145105
4611.47547 00557.56143 145106
4611.47547 00557.56143 145107
4611.47547 00557.56143 145108
4611.47547 00557.56143 145109
4611.47547 00557.56143 145110
4611.47547 00557.56143 145111
4611.47547 00557.56143 145112
4611.47547 00557.56143 145113
4611.47547 00557.56143 145114
4611.47547 00557.56143 145115
4611.47547 00557.56143 145116
4611.47547 00557.56143 145117
4611.47547 00557.56143 145118
4611.47547 00557.56143 145119
4611.47547 00557.56143 145120
4611.47547 00557.56143 145121
4611.47547 00557.56143 145122
4611.47547 00557.56143 145123
4611.47547 00557.56143 145124
4611.47547 00557.56143 145125
4611.47547 00557.56143 145126
4611.47547 00557.56143 145127
4611.47547 00557.56143 145128
4611.47547 00557.56143 145129
4611.47547 00557.56143 145130
4611.47547 00557.56143 145131
4611.47547 00557.56143 145132
4611.47547 00557.56143 145133
4611.47547 00557.56143 145134
4611.47547 00557.56143 145135
4611.47547 00557.56143 145136
4611.47547 00557.56143 145137
4611.47547 00557.56143 145138
4611.47547 00557.56143 145139
4611.47547 00557.56143 145140
4611.47547 00557.56143 145141
4611.47547 00557.56143 145142
4611.47547 00557.56143 145143
4611.47547 00557.56143 145144
4611.47547 00557.56143 145145
4611.47547 00557.56143 145146
4611.47547 00557.56143 145147
4611.47547 00557.56143 145148
4611.47547 00557.56143 145149
4611.47547 00557.56143 145150
4611.47547 00557.56143 145151
4611.47547 00557.56143 145152
4611.47547 00557.56143 145153
4611.47547 00557.56143 145154
4611.47547 00557.56143 145155
4611.47547 00557.56143 145156
4611.47547 00557.56143 145157
4611.47547 00557.56143 145158
4611.47547 00557.56143 145159
4611.47547 00557.56143 145200
4611.47547 00557.56143 145201
4611.47547 00557.56143 145202
4611.47547 00557.56143 145203
4611.47547 00557.56143 145204
4611.47547 00557.56143 145205
4611.47547 00557.56143 145206
4611.47547 00557.56143 145207
4611.47547 00557.56143 145208
4611.47547 00557.56143 145209
4611.47547 00557.56143 145210
4611.47547 00557.56143 145211
4611.47547 00557.56143 145212
4611.47547 00557.56143 145213
4611.47547 00557.56143 145214
4611.47547 00557.56143 145215
4611.47547 00557.56143 145216
4611.47547 00557.56143 145217
4611.47547 00557.56143 145218
4611.47547 00557.56143 145219
4611.47547 00557.56143 145220
4611.47547 00557.56143 145221
4611.47547 00557.56143 145222
4611.47547 00557.56143 145223
4611.47547 00557.56143 145224
4611.47547 00557.56143 145225
4611.47547 00557.56143 145226
4611.47547 00557.56143 145227
4611.47547 00557.56143 145228
4611.47547 00557.56143 145229
4611.47547 00557.56143 145230
4611.47547 00557.56143 145231
4611.47547 00557.56143 145232
4611.47547 00557.56143 145233
4611.47547 00557.56143 145234
4611.47547 00557.56143 145235
4611.47547 00557.56143 145236
4611.47547 00557.56143 145237
4611.47547 00557.56143 145238
4611.47547 00557.56143 145239
4611.47547 00557.56143 145240
4611.47547 00557.56143 145241
4611.47547 00557.56143 145242
4611.47547 00557.56143 145243
4611.47547 00557.56143 145244
4611.47547 00557.56143 145245
4611.47547 00557.56143 145246
4611.47547 00557.56143 145247
4611.47547 00557.56143 145248
4611.47547 00557.56143 145249
4611.47547 00557.56143 145250
4611.47547 00557.56143 145251
4611.47547 00557.56143 145252
4611.47547 00557.56143 145253
4611.47547 00557.56143 145254
4611.47547 00557.56143 145255
4611.47547 00557.56143 145256
4611.47547 00557.56143 145257
4611.47547 00557.56143 145258
4611.47547 00557.56143 145259
4611.47547 00557.56143 145300
4611.47547 00557.56143 145301
4611.47547 00557.56143 145302
4611.47547 00557.56143 145303
4611.47547 00557.56143 145304
4611.47547 00557.56143 145305
4611.47547 00557.56143 145306
4611.47547 00557.56143 145307
4611.47547 00557.56143 145308
4611.47547 00557.56143 145309
4611.47547 00557.56143 145310
4611.47547 00557.56143 145311
4611.47547 00557.56143 145312
4611.47547 00557.56143 145313
4611.47547 00557.56143 145314
4611.47547 00557.56143 145315
4611.47547 00557.56143 145316
4611.47547 00557.56143 145317
4611.47547 00557.56143 145318
4611.47547 00557.56143 145319
4611.47547 00557.56143 145320
4611.47547 00557.56143 145321
4611.47547 00557.56143 145322
4611.47547 00557.56143 145323
4611.47547 00557.56143 145324
4611.47547 00557.56143 145325
4611.47547 00557.56143 145326
4611.47547 00557.56143 145327
4611.47547 00557.56143 145328
4611.47547 00557.56143 145329
4611.47547 00557.56143 145330
4611.47547 00557.56143 145331
4611.47547 00557.56143 145332
4611.47547 00557.56143 145333
4611.47547 00557.56143 145334
4611.47547 00557.56143 145335
4611.47547 00557.56143 145336
4611.47547 00557.56143 145337
4611.47547 00557.56143 145338
4611.47547 00557.56143 145339
4611.47547 00557.56143 145340
4611.47547 00557.56143 145341
4611.47547 00557.56143 145342
4611.47547 00557.56143 145343
4611.47547 00557.56143 145344
4611.47547 00557.56143 145345
4611.47547 00557.56143 145346
4611.47547 00557.56143 145347
4611.47547 00557.56143 145348
4611.47547 00557.56143 145349
4611.47547 00557.56143 145350
4611.47547 00557.56143 145351
4611.47547 00557.56143 145352
4611.47547 00557.56143 145353
4611.47547 00557.56143 145354
4611.47547 00557.56143 145355
4611.47547 00557.56143 145356
4611.47547 00557.56143 145357
4611.47547 00557.56143 145358
4611.47547 00557.56143 145359
4611.47547 00557.56143 145400
4611.47547 00557.56143 145401
4611.47547 00557.56143 145402
4611.47547 00557.56143 145403
4611.47547 00557.56143 145404
4611.47547 00557.56143 145405
4611.47547 00557.56143 145406
4611.47547 00557.56143 145407
4611.47547 00557.56143 145408
4611.47547 00557.56143 145409
4611.47547 00557.56143 145410
4611.47547 00557.56143 145411
4611.47547 00557.56143 145412
4611.47547 00557.56143 145413
4611.47547 00557.56143 145414
4611.47547 00557.56143 145415
4611.47547 00557.56143 145416
4611.47547 00557.56143 145417
4611.47547 00557.56143 145418
4611.47547 00557.56143 145419
4611.47547 00557.56143 145420
4611.47547 00557.56143 145421
4611.47547 00557.56143 145422
4611.47547 00557.56143 145423
4611.47547 00557.56143 145424
4611.47547 00557.56143 145425
4611.47547 00557.56143 145426
4611.47547 00557.56143 145427
4611.47547 00557.56142 145428
4611.47547 00557.56143 145429
4611.47547 00557.56143 145430
4611.47547 00557.56143 145431
4611.47547 00557.56143 145432
4611.47547 00557.56143 145433
4611.47547 00557.56143 145434
4611.47547 00557.56143 145435
4611.47547 00557.56143 145436
4611.47547 00557.56143 145437
4611.47547 00557.56143 145438
4611.47547 00557.56143 145439
4611.47547 00557.56143 145440
4611.47547 00557.56143 145441
4611.47547 00557.56143 145442
4611.47547 00557.56143 145443
4611.47547 00557.56143 145444
4611.47547 00557.56143 145445
4611.47547 00557.56143 145446
4611.47547 00557.56143 145447
4611.47547 00557.56143 145448
4611.47547 00557.56143 145449
4611.47547 00557.56143 145450
4611.47547 00557.56143 145451
4611.47547 00557.56143 145452
4611.47547 00557.56143 145453
4611.47547 00557.56143 145454
4611.47547 00557.56143 145455
4611.47547 00557.56143 145456
4611.47547 00557.56143 145457
4611.47547 00557.56143 145458
4611.47547 00557.56143 145459
4611.47547 00557.56143 145500
4611.47547 00557.56143 145501
4611.47547 00557.56143 145502
4611.47547 00557.56143 145503
4611.47547 00557.56143 145504
4611.47547 00557.56143 145505
4611.47547 00557.56143 145506
4611.47547 00557.56143 145507
4611.47547 00557.56143 145508
4611.47547 00557.56143 145509
4611.47547 00557.56143 145510
4611.47547 00557.56143 145511
4611.47547 00557.56143 145512
4611.47547 00557.56143 145513
4611.47547 00557.56143 145514
4611.47547 00557.56143 145515
4611.47547 00557.56143 145516
4611.47547 00557.56143 145517
4611.47547 00557.56143 145518
4611.47547 00557.56143 145519
4611.47547 00557.56143 145520
4611.47547 00557.56143 145521
4611.47547 00557.56143 145522
4611.47547 00557.56143 145523
4611.47547 00557.56143 145524
4611.47547 00557.56143 145525
4611.47547 00557.56143 145526
4611.47547 00557.56143 145527
4611.47547 00557.56143 145528
4611.47547 00557.56143 145529
4611.47547 00557.56143 145530
4611.47547 00557.56143 145531
4611.47547 00557.56143 145532
4611.47547 00557.56143 145533
4611.47547 00557.56143 145534
4611.47547 00557.56143 145535
4611.47547 00557.56143 145536
4611.47547 00557.56143 145537
4611.47547 00557.56143 145538
4611.47547 00557.56143 145539
4611.47547 00557.56143 145540
4611.47547 00557.56143 145541
4611.47547 00557.56143 145542
4611.47547 00557.56143 145543
4611.47547 00557.56143 145544
4611.47547 00557.56143 145545
4611.47547 00557.56143 145546
4611.47547 00557.56143 145547
4611.47547 00557.56143 145548
4611.47547 00557.56143 145549
4611.47547 00557.56143 145550
4611.47547 00557.56143 145551
4611.47547 00557.56143 145552
4611.47547 00557.56143 145553
4611.47547 00557.56143 145554
4611.47547 00557.56143 145555
4611.47547 00557.56143 145556
4611.47547 00557.56143 145557
4611.47547 00557.56143 145558
4611.47547 00557.56143 145559
4611.47547 00557.56143 145600
4611.47547 00557.56143 145601
4611.47547 00557.56143 145602
4611.47547 00557.56143 145603
4611.47547 00557.56143 145604
4611.47547 00557.56143 145605
4611.47547 00557.56143 145606
4611.47547 00557.56143 145607
4611.47547 00557.56143 145608
4611.47547 00557.56143 145609
4611.47547 00557.56143 145610
4611.47547 00557.56143 145611
4611.47547 00557.56143 145612
4611.47547 00557.56143 145613
4611.47547 00557.56143 145614
4611.47547 00557.56143 145615
4611.47547 00557.56143 145616
4611.47547 00557.56143 145617
4611.47547 00557.56143 145618
4611.47547 00557.56143 145619
4611.47547 00557.56143 145620
4611.47547 00557.56143 145621
4611.47547 00557.56143 145622
4611.47547 00557.56143 145623
4611.47547 00557.56143 145624
4611.47547 00557.56143 145625
4611.47547 00557.56143 145626
4611.47547 00557.56143 145627
4611.47547 00557.56143 145628
4611.47547 00557.56143 145629
4611.47547 00557.56143 145630
4611.47546 00557.56143 145631
4611.47547 00557.56143 145632
4611.47547 00557.56143 145633
4611.47547 00557.56143 145634
4611.47547 00557.56143 145635
4611.47547 00557.56143 145636
4611.47547 00557.56143 145637
4611.47547 00557.56143 145638
4611.47547 00557.56143 145639
4611.47547 00557.56143 145640
4611.47547 00557.56143 145641
4611.47547 00557.56143 145642
4611.47547 00557.56143 145643
4611.47547 00557.56143 145644
4611.47547 00557.56143 145645
4611.47547 00557.56143 145646
4611.47547 00557.56143 145647
4611.47547 00557.56143 145648
4611.47547 00557.56143 145649
4611.47547 00557.56143 145650
4611.47547 00557.56143 145651
4611.47547 00557.56143 145652
4611.47546 00557.56143 145653
4611.47546 00557.56143 145654
4611.47546 00557.56143 145655
4611.47547 00557.56143 145656
4611.47547 00557.56143 145657
4611.47547 00557.56143 145658
4611.47547 00557.56143 145659
4611.47546 00557.56143 145700
4611.47547 00557.56143 145701
4611.47547 00557.56143 145702
4611.47547 00557.56143 145703
4611.47547 00557.56143 145704
4611.47547 00557.56143 145705
4611.47547 00557.56143 145706
4611.47547 00557.56143 145707
4611.47546 00557.56143 145708
4611.47547 00557.56143 145709
4611.47547 00557.56143 145710
4611.47547 00557.56143 145711
4611.47547 00557.56143 145712
4611.47547 00557.56143 145713
4611.47547 00557.56143 145714
4611.47547 00557.56143 145715
4611.47547 00557.56143 145716
4611.47546 00557.56143 145717
4611.47547 00557.56143 145718
4611.47547 00557.56143 145719
4611.47547 00557.56143 145720
4611.47547 00557.56143 145721
4611.47547 00557.56143 145722
4611.47547 00557.56143 145723
4611.47546 00557.56143 145724
4611.47547 00557.56143 145725
4611.47547 00557.56143 145726
4611.47547 00557.56143 145727
4611.47547 00557.56143 145728
4611.47547 00557.56143 145729
4611.47547 00557.56143 145730
4611.47547 00557.56143 145731
4611.47547 00557.56143 145732
4611.47547 00557.56143 145733
4611.47547 00557.56143 145734
4611.47547 00557.56142 145735
4611.47547 00557.56143 145736
4611.47547 00557.56143 145737
4611.47547 00557.56143 145738
4611.47547 00557.56143 145739
4611.47547 00557.56143 145740
4611.47547 00557.56143 145741
4611.47547 00557.56143 145742
4611.47547 00557.56143 145743
4611.47547 00557.56143 145744
4611.47547 00557.56143 145745
4611.47547 00557.56143 145746
4611.47547 00557.56143 145747
4611.47547 00557.56143 145748
4611.47547 00557.56143 145749
4611.47546 00557.56143 145750
4611.47547 00557.56143 145751
4611.47547 00557.56143 145752
4611.47547 00557.56143 145753
4611.47547 00557.56143 145754
4611.47546 00557.56143 145755
4611.47547 00557.56143 145756
4611.47546 00557.56143 145757
4611.47546 00557.56143 145758
4611.47547 00557.56143 145759
4611.47547 00557.56143 145800
4611.47546 00557.56143 145801
4611.47547 00557.56143 145802
4611.47547 00557.56143 145803
4611.47547 00557.56143 145804
4611.47546 00557.56143 145805
4611.47546 00557.56143 145806
4611.47547 00557.56143 145807
4611.47547 00557.56143 145808
4611.47547 00557.56143 145809
4611.47547 00557.56143 145810
4611.47547 00557.56143 145811
4611.47547 00557.56143 145812
4611.47547 00557.56143 145813
4611.47547 00557.56143 145814
4611.47547 00557.56143 145815
4611.47547 00557.56143 145816
4611.47547 00557.56143 145817
4611.47547 00557.56143 145818
4611.47547 00557.56143 145819
4611.47547 00557.56143 145820
4611.47547 00557.56143 145821
4611.47547 00557.56143 145822
4611.47547 00557.56143 145823
4611.47547 00557.56143 145824
4611.47547 00557.56143 145825
4611.47547 00557.56143 145826
4611.47547 00557.56143 145827
4611.47547 00557.56143 145828
4611.47547 00557.56143 145829
4611.47547 00557.56143 145830
4611.47547 00557.56143 145831
4611.47547 00557.56143 145832
4611.47547 00557.56143 145833
4611.47547 00557.56143 145834
4611.47547 00557.56143 145835
4611.47546 00557.56143 145836
4611.47547 00557.56143 145837
4611.47547 00557.56143 145838
4611.47547 00557.56143 145839
4611.47547 00557.56143 145840
4611.47547 00557.56143 145841
4611.47547 00557.56143 145842
4611.47547 00557.56143 145843
4611.47547 00557.56143 145844
4611.47547 00557.56143 145845
4611.47547 00557.56143 145846
4611.47547 00557.56143 145847
4611.47547 00557.56143 145848
4611.47547 00557.56143 145849
4611.47547 00557.56143 145850
4611.47547 00557.56143 145851
4611.47547 00557.56143 145852
4611.47547 00557.56143 145853
4611.47547 00557.56143 145854
4611.47547 00557.56143 145855
4611.47547 00557.56143 145856
4611.47547 00557.56143 145857
4611.47547 00557.56143 145858
4611.47547 00557.56143 145859
4611.47547 00557.56143 145900
4611.47547 00557.56143 145901
4611.47547 00557.56143 145902
4611.47547 00557.56143 145903
4611.47547 00557.56143 145904
4611.47547 00557.56143 145905
4611.47547 00557.56142 145906
4611.47547 00557.56143 145907
4611.47547 00557.56143 145908
4611.47547 00557.56143 145909
4611.47547 00557.56143 145910
4611.47547 00557.56143 145911
4611.47547 00557.56143 145912
4611.47547 00557.56143 145913
4611.47547 00557.56143 145914
4611.47547 00557.56143 145915
4611.47547 00557.56142 145916
4611.47547 00557.56143 145917
4611.47547 00557.56143 145918
4611.47547 00557.56143 145919
4611.47547 00557.56143 145920
4611.47547 00557.56143 145921
4611.47547 00557.56143 145922
4611.47547 00557.56143 145923
4611.47547 00557.56143 145924
4611.47547 00557.56143 145925
4611.47547 00557.56143 145926
4611.47547 00557.56143 145927
4611.47547 00557.56143 145928
4611.47547 00557.56143 145929
4611.47547 00557.56143 145930
4611.47547 00557.56143 145931
4611.47547 00557.56143 145932
4611.47547 00557.56143 145933
4611.47547 00557.56143 145934
4611.47547 00557.56143 145935
4611.47547 00557.56143 145936
4611.47547 00557.56143 145937
4611.47547 00557.56143 145938
4611.47547 00557.56143 145939
4611.47547 00557.56143 145940
4611.47547 00557.56143 145941
4611.47547 00557.56143 145942
4611.47547 00557.56143 145943
4611.47547 00557.56143 145944
4611.47547 00557.56143 145945
4611.47547 00557.56143 145946
4611.47547 00557.56143 145947
4611.47547 00557.56143 145948
4611.47547 00557.56143 145949
4611.47547 00557.56143 145950
4611.47547 00557.56143 145951
4611.47547 00557.56143 145952
4611.47547 00557.56143 145953
4611.47547 00557.56143 145954
4611.47547 00557.56143 145955
4611.47547 00557.56143 145956
4611.47547 00557.56143 145957
4611.47547 00557.56143 145958
4611.47547 00557.56143 145959
4611.47547 00557.56143 150000
4611.47547 00557.56143 150001
4611.47547 00557.56143 150002
4611.47547 00557.56143 150003
4611.47547 00557.56143 150004
4611.47547 00557.56143 150005
4611.47547 00557.56143 150006
4611.47547 00557.56143 150007
4611.47547 00557.56143 150008
4611.47547 00557.56143 150009
4611.47547 00557.56143 150010
4611.47547 00557.56143 150011
4611.47547 00557.56143 150012
4611.47547 00557.56143 150013
4611.47547 00557.56143 150014
4611.47547 00557.56142 150015
4611.47547 00557.56143 150016
4611.47547 00557.56143 150017
4611.47547 00557.56143 150018
4611.47547 00557.56143 150019
4611.47547 00557.56142 150020
4611.47547 00557.56143 150021
4611.47547 00557.56143 150022
4611.47547 00557.56143 150023
4611.47547 00557.56143 150024
4611.47547 00557.56143 150025
4611.47547 00557.56143 150026
4611.47547 00557.56143 150027
4611.47547 00557.56143 150028
4611.47547 00557.56143 150029
4611.47547 00557.56143 150030
4611.47547 00557.56142 150031
4611.47547 00557.56143 150032
4611.47547 00557.56143 150033
4611.47547 00557.56143 150034
4611.47547 00557.56143 150035
4611.47547 00557.56142 150036
4611.47547 00557.56142 150037
4611.47547 00557.56143 150038
4611.47547 00557.56143 150039
4611.47547 00557.56143 150040
4611.47547 00557.56143 150041
4611.47547 00557.56143 150042
4611.47547 00557.56143 150043
4611.47547 00557.56143 150044
4611.47547 00557.56143 150045
4611.47546 00557.56143 150046
4611.47547 00557.56143 150047
4611.47547 00557.56143 150048
4611.47547 00557.56143 150049
4611.47547 00557.56143 150050
4611.47547 00557.56143 150051
4611.47547 00557.56143 150052
4611.47547 00557.56143 150053
4611.47547 00557.56143 150054
4611.47547 00557.56143 150055
4611.47547 00557.56143 150056
4611.47547 00557.56143 150057
4611.47547 00557.56143 150058
4611.47547 00557.56143 150059
4611.47547 00557.56143 150100
4611.47547 00557.56143 150101
4611.47547 00557.56143 150102
4611.47547 00557.56143 150103
4611.47547 00557.56143 150104
4611.47547 00557.56143 150105
4611.47547 00557.56143 150106
4611.47547 00557.56143 150107
4611.47547 00557.56143 150108
4611.47547 00557.56143 150109
4611.47547 00557.56143 150110
4611.47547 00557.56143 150111
4611.47547 00557.56143 150112
4611.47547 00557.56143 150113
4611.47547 00557.56143 150114
4611.47547 00557.56143 150115
4611.47547 00557.56143 150116
4611.47547 00557.56143 150117
4611.47547 00557.56143 150118
4611.47547 00557.56143 150119
4611.47547 00557.56143 150120
4611.47547 00557.56143 150121
4611.47547 00557.56143 150122
4611.47547 00557.56143 150123
4611.47547 00557.56143 150124
4611.47547 00557.56143 150125
4611.47547 00557.56143 150126
4611.47547 00557.56143 150127
4611.47547 00557.56143 150128
4611.47547 00557.56143 150129
4611.47547 00557.56143 150130
4611.47547 00557.56143 150131
4611.47547 00557.56143 150132
4611.47547 00557.56143 150133
4611.47547 00557.56143 150134
4611.47547 00557.56143 150135
4611.47547 00557.56143 150136
4611.47547 00557.56143 150137
4611.47547 00557.56143 150138
4611.47547 00557.56143 150139
4611.47547 00557.56143 150140
4611.47547 00557.56143 150141
4611.47547 00557.56143 150142
4611.47547 00557.56143 150143
4611.47547 00557.56143 150144
4611.47547 00557.56143 150145
4611.47547 00557.56143 150146
4611.47547 00557.56143 150147
4611.47547 00557.56143 150148
4611.47547 00557.56143 150149
4611.47547 00557.56143 150150
4611.47547 00557.56143 150151
4611.47547 00557.56143 150152
4611.47547 00557.56143 150153
4611.47547 00557.56143 150154
4611.47547 00557.56143 150155
4611.47547 00557.56143 150156
4611.47547 00557.56143 150157
4611.47547 00557.56143 150158
4611.47547 00557.56143 150159
4611.47547 00557.56143 150200
4611.47547 00557.56143 150201
4611.47547 00557.56143 150202
4611.47547 00557.56143 150203
4611.47547 00557.56143 150204
4611.47547 00557.56143 150205
4611.47546 00557.56143 150206
4611.47547 00557.56143 150207
4611.47547 00557.56143 150208
4611.47547 00557.56143 150209
4611.47547 00557.56143 150210
4611.47547 00557.56143 150211
4611.47547 00557.56143 150212
4611.47547 00557.56143 150213
4611.47547 00557.56143 150214
4611.47547 00557.56143 150215
4611.47547 00557.56143 150216
4611.47547 00557.56143 150217
4611.47547 00557.56143 150218
4611.47547 00557.56143 150219
4611.47547 00557.56143 150220
4611.47547 00557.56143 150221
4611.47547 00557.56143 150222
4611.47547 00557.56143 150223
4611.47547 00557.56143 150224
4611.47547 00557.56143 150225
4611.47547 00557.56143 150226
4611.47547 00557.56143 150227
4611.47547 00557.56143 150228
4611.47547 00557.56143 150229
4611.47547 00557.56143 150230
4611.47547 00557.56143 150231
4611.47547 00557.56143 150232
4611.47547 00557.56143 150233
4611.47547 00557.56143 150234
4611.47547 00557.56143 150235
4611.47547 00557.56143 150236
4611.47547 00557.56143 150237
4611.47547 00557.56143 150238
4611.47547 00557.56143 150239
4611.47547 00557.56143 150240
4611.47547 00557.56143 150241
4611.47547 00557.56143 150242
4611.47547 00557.56143 150243
4611.47547 00557.56143 150244
4611.47547 00557.56143 150245
4611.47547 00557.56143 150246
4611.47547 00557.56143 150247
4611.47547 00557.56143 150248
4611.47547 00557.56143 150249
4611.47547 00557.56143 150250
4611.47547 00557.56143 150251
4611.47547 00557.56143 150252
4611.47547 00557.56143 150253
4611.47547 00557.56143 150254
4611.47547 00557.56143 150255
4611.47547 00557.56143 150256
4611.47547 00557.56143 150257
4611.47547 00557.56143 150258
4611.47547 00557.56143 150259
4611.47547 00557.56143 150300
4611.47547 00557.56143 150301
4611.47547 00557.56143 150302
4611.47547 00557.56143 150303
4611.47547 00557.56143 150304
4611.47547 00557.56143 150305
4611.47547 00557.56143 150306
4611.47547 00557.56143 150307
4611.47547 00557.56143 150308
4611.47547 00557.56143 150309
4611.47547 00557.56143 150310
4611.47547 00557.56143 150311
4611.47547 00557.56143 150312
4611.47547 00557.56143 150313
4611.47547 00557.56143 150314
4611.47547 00557.56143 150315
4611.47547 00557.56143 150316
4611.47547 00557.56143 150317
4611.47547 00557.56143 150318
4611.47547 00557.56143 150319
4611.47547 00557.56143 150320
4611.47547 00557.56143 150321
4611.47547 00557.56143 150322
4611.47547 00557.56143 150323
4611.47547 00557.56143 150324
4611.47547 00557.56143 150325
4611.47547 00557.56143 150326
4611.47547 00557.56143 150327
4611.47547 00557.56143 150328
4611.47547 00557.56143 150329
4611.47547 00557.56143 150330
4611.47547 00557.56143 150331
4611.47547 00557.56143 150332
4611.47547 00557.56143 150333
4611.47547 00557.56143 150334
4611.47547 00557.56143 150335
4611.47547 00557.56143 150336
4611.47547 00557.56143 150337
4611.47547 00557.56143 150338
4611.47547 00557.56143 150339
4611.47547 00557.56143 150340
4611.47547 00557.56143 150341
4611.47547 00557.56143 150342
4611.47547 00557.56143 150343
4611.47547 00557.56143 150344
4611.47547 00557.56143 150345
4611.47547 00557.56143 150346
4611.47547 00557.56143 150347
4611.47547 00557.56143 150348
4611.47547 00557.56143 150349
4611.47547 00557.56143 150350
4611.47547 00557.56143 150351
4611.47547 00557.56143 150352
4611.47547 00557.56143 150353
4611.47547 00557.56143 150354
4611.47547 00557.56143 150355
4611.47547 00557.56143 150356
4611.47547 00557.56143 150357
4611.47547 00557.56143 150358
4611.47547 00557.56143 150359
4611.47547 00557.56143 150400
4611.47547 00557.56143 150401
4611.47547 00557.56143 150402
4611.47547 00557.56143 150403
4611.47547 00557.56143 150404
4611.47547 00557.56143 150405
4611.47547 00557.56143 150406
4611.47547 00557.56143 150407
4611.47547 00557.56143 150408
4611.47547 00557.56143 150409
4611.47547 00557.56143 150410
4611.47547 00557.56143 150411
4611.47547 00557.56143 150412
4611.47547 00557.56143 150413
4611.47547 00557.56143 150414
4611.47547 00557.56143 150415
4611.47547 00557.56143 150416
4611.47547 00557.56143 150417
4611.47547 00557.56143 150418
4611.47547 00557.56143 150419
4611.47547 00557.56143 150420
4611.47547 00557.56143 150421
4611.47547 00557.56143 150422
4611.47547 00557.56143 150423
4611.47547 00557.56143 150424
4611.47547 00557.56143 150425
4611.47547 00557.56143 150426
4611.47547 00557.56143 150427
4611.47547 00557.56143 150428
4611.47547 00557.56143 150429
4611.47547 00557.56143 150430
4611.47547 00557.56143 150431
4611.47547 00557.56143 150432
4611.47547 00557.56143 150433
4611.47547 00557.56143 150434
4611.47547 00557.56143 150435
4611.47547 00557.56143 150436
4611.47547 00557.56143 150437
4611.47547 00557.56143 150438
4611.47547 00557.56143 150439
4611.47547 00557.56143 150440
4611.47547 00557.56143 150441
4611.47547 00557.56143 150442
4611.47547 00557.56143 150443
4611.47547 00557.56143 150444
4611.47547 00557.56143 150445
4611.47547 00557.56143 150446
4611.47547 00557.56143 150447
4611.47547 00557.56143 150448
4611.47547 00557.56143 150449
4611.47547 00557.56143 150450
4611.47547 00557.56143 150451
4611.47547 00557.56143 150452
4611.47547 00557.56143 150453
4611.47547 00557.56143 150454
4611.47547 00557.56143 150455
4611.47547 00557.56143 150456
4611.47547 00557.56143 150457
4611.47547 00557.56143 150458
4611.47547 00557.56143 150459