4611.46872 00557.55655 120600
4611.46872 00557.55655 120601
4611.46872 00557.55655 120602
4611.46872 00557.55655 120603
4611.46872 00557.55655 120604
4611.46872 00557.55655 120605
4611.46872 00557.55655 120606
4611.46872 00557.55655 120607
4611.46872 00557.55655 120608
4611.46872 00557.55655 120609
4611.46872 00557.55655 120610
4611.46872 00557.55655 120611
4611.46872 00557.55655 120612
4611.46872 00557.55655 120613
4611.46872 00557.55655 120614
4611.46872 00557.55655 120615
4611.46872 00557.55655 120616
4611.46872 00557.55655 120617
4611.46872 00557.55655 120618
4611.46872 00557.55655 120619
4611.46872 00557.55655 120620
4611.46872 00557.55655 120621
4611.46872 00557.55655 120622
4611.46872 00557.55655 120623
4611.46872 00557.55655 120624
4611.46872 00557.55655 120625
4611.46872 00557.55655 120626
4611.46872 00557.55655 120627
4611.46872 00557.55655 120628
4611.46872 00557.55655 120629
4611.46872 00557.55655 120630
4611.46871 00557.55655 120631
4611.46872 00557.55655 120632
4611.46872 00557.55655 120633
4611.46872 00557.55655 120634
4611.46872 00557.55655 120635
4611.46872 00557.55655 120636
4611.46872 00557.55655 120637
4611.46872 00557.55655 120638
4611.46872 00557.55655 120639
4611.46872 00557.55655 120640
4611.46872 00557.55655 120641
4611.46872 00557.55655 120642
4611.46872 00557.55655 120643
4611.46872 00557.55655 120644
4611.46872 00557.55655 120645
4611.46872 00557.55655 120646
4611.46872 00557.55655 120647
4611.46872 00557.55655 120648
4611.46871 00557.55655 120649
4611.46872 00557.55655 120650
4611.46872 00557.55655 120651
4611.46872 00557.55655 120652
4611.46872 00557.55655 120653
4611.46872 00557.55655 120654
4611.46872 00557.55655 120655
4611.46872 00557.55655 120656
4611.46872 00557.55655 120657
4611.46872 00557.55655 120658
4611.46872 00557.55655 120659
4611.46872 00557.55655 120700
4611.46872 00557.55655 120701
4611.46872 00557.55655 120702
4611.46872 00557.55655 120703
4611.46872 00557.55655 120704
4611.46872 00557.55655 120705
4611.46872 00557.55655 120706
4611.46872 00557.55655 120707
4611.46871 00557.55655 120708
4611.46871 00557.55655 120709
4611.46872 00557.55655 120710
4611.46872 00557.55655 120711
4611.46872 00557.55655 120712
4611.46872 00557.55655 120713
4611.46871 00557.55655 120714
4611.46872 00557.55655 120715
4611.46872 00557.55655 120716
4611.46872 00557.55655 120717
4611.46872 00557.55655 120718
4611.46872 00557.55655 120719
4611.46872 00557.55655 120720
4611.46872 00557.55655 120721
4611.46872 00557.55655 120722
4611.46872 00557.55655 120723
4611.46872 00557.55655 120724
4611.46871 00557.55655 120725
4611.46871 00557.55655 120726
4611.46872 00557.55655 120727
4611.46872 00557.55655 120728
4611.46871 00557.55655 120729
4611.46871 00557.55655 120730
4611.46871 00557.55655 120731
4611.46872 00557.55655 120732
4611.46871 00557.55655 120733
4611.46871 00557.55655 120734
4611.46871 00557.55655 120735
4611.46871 00557.55655 120736
4611.46872 00557.55655 120737
4611.46872 00557.55655 120738
4611.46872 00557.55655 120739
4611.46871 00557.55655 120740
4611.46872 00557.55655 120741
4611.46872 00557.55655 120742
4611.46872 00557.55655 120743
4611.46872 00557.55655 120744
4611.46872 00557.55655 120745
4611.46872 00557.55655 120746
4611.46872 00557.55655 120747
4611.46871 00557.55655 120748
4611.46872 00557.55655 120749
4611.46872 00557.55655 120750
4611.46872 00557.55655 120751
4611.46871 00557.55655 120752
4611.46872 00557.55655 120753
4611.46872 00557.55655 120754
4611.46872 00557.55655 120755
4611.46871 00557.55655 120756
4611.46871 00557.55655 120757
4611.46871 00557.55655 120758
4611.46871 00557.55655 120759
4611.46872 00557.55655 120800
4611.46872 00557.55655 120801
4611.46872 00557.55655 120802
4611.46871 00557.55655 120803
4611.46872 00557.55655 120804
4611.46872 00557.55655 120805
4611.46872 00557.55655 120806
4611.46872 00557.55655 120807
4611.46872 00557.55655 120808
4611.46872 00557.55655 120809
4611.46871 00557.55655 120810
4611.46871 00557.55655 120811
4611.46872 00557.55655 120812
4611.46871 00557.55655 120813
4611.46872 00557.55655 120814
4611.46872 00557.55655 120815
4611.46871 00557.55655 120816
4611.46872 00557.55655 120817
4611.46871 00557.55655 120818
4611.46871 00557.55655 120819
4611.46872 00557.55655 120820
4611.46872 00557.55655 120821
4611.46872 00557.55655 120822
4611.46871 00557.55655 120823
4611.46871 00557.55655 120824
4611.46872 00557.55655 120825
4611.46872 00557.55655 120826
4611.46872 00557.55655 120827
4611.46872 00557.55655 120828
4611.46871 00557.55655 120829
4611.46872 00557.55655 120830
4611.46871 00557.55655 120831
4611.46872 00557.55655 120832
4611.46872 00557.55655 120833
4611.46872 00557.55655 120834
4611.46872 00557.55655 120835
4611.46872 00557.55655 120836
4611.46872 00557.55655 120837
4611.46872 00557.55655 120838
4611.46871 00557.55655 120839
4611.46872 00557.55655 120840
4611.46872 00557.55655 120841
4611.46872 00557.55655 120842
4611.46872 00557.55655 120843
4611.46872 00557.55655 120844
4611.46872 00557.55655 120845
4611.46872 00557.55655 120846
4611.46871 00557.55655 120847
4611.46871 00557.55655 120848
4611.46871 00557.55655 120849
4611.46871 00557.55655 120850
4611.46872 00557.55655 120851
4611.46872 00557.55655 120852
4611.46871 00557.55655 120853
4611.46871 00557.55655 120854
4611.46872 00557.55655 120855
4611.46872 00557.55655 120856
4611.46872 00557.55655 120857
4611.46871 00557.55655 120858
4611.46872 00557.55655 120859
4611.46872 00557.55655 120900
4611.46872 00557.55655 120901
4611.46872 00557.55655 120902
4611.46872 00557.55655 120903
4611.46872 00557.55655 120904
4611.46872 00557.55655 120905
4611.46872 00557.55655 120906
4611.46871 00557.55655 120907
4611.46871 00557.55655 120908
4611.46872 00557.55655 120909
4611.46872 00557.55655 120910
4611.46872 00557.55655 120911
4611.46872 00557.55655 120912
4611.46871 00557.55655 120913
4611.46871 00557.55655 120914
4611.46872 00557.55655 120915
4611.46872 00557.55655 120916
4611.46872 00557.55655 120917
4611.46872 00557.55655 120918
4611.46872 00557.55655 120919
4611.46871 00557.55655 120920
4611.46871 00557.55655 120921
4611.46871 00557.55655 120922
4611.46872 00557.55655 120923
4611.46872 00557.55655 120924
4611.46872 00557.55655 120925
4611.46871 00557.55655 120926
4611.46871 00557.55655 120927
4611.46872 00557.55655 120928
4611.46872 00557.55655 120929
4611.46872 00557.55655 120930
4611.46871 00557.55655 120931
4611.46871 00557.55655 120932
4611.46872 00557.55655 120933
4611.46872 00557.55655 120934
4611.46872 00557.55655 120935
4611.46871 00557.55655 120936
4611.46872 00557.55655 120937
4611.46872 00557.55654 120938
4611.46872 00557.55654 120939
4611.46872 00557.55655 120940
4611.46872 00557.55655 120941
4611.46872 00557.55655 120942
4611.46872 00557.55655 120943
4611.46872 00557.55655 120944
4611.46872 00557.55654 120945
4611.46871 00557.55655 120946
4611.46871 00557.55654 120947
4611.46871 00557.55654 120948
4611.46871 00557.55654 120949
4611.46872 00557.55654 120950
4611.46872 00557.55654 120951
4611.46872 00557.55654 120952
4611.46871 00557.55654 120953
4611.46872 00557.55655 120954
4611.46872 00557.55654 120955
4611.46871 00557.55655 120956
4611.46871 00557.55655 120957
4611.46872 00557.55655 120958
4611.46872 00557.55655 120959
4611.46871 00557.55655 121000
4611.46872 00557.55655 121001
4611.46872 00557.55655 121002
4611.46872 00557.55655 121003
4611.46872 00557.55655 121004
4611.46871 00557.55655 121005
4611.46871 00557.55655 121006
4611.46872 00557.55655 121007
4611.46872 00557.55654 121008
4611.46872 00557.55654 121009
4611.46871 00557.55655 121010
4611.46871 00557.55655 121011
4611.46872 00557.55655 121012
4611.46872 00557.55655 121013
4611.46872 00557.55655 121014
4611.46872 00557.55655 121015
4611.46872 00557.55655 121016
4611.46872 00557.55655 121017
4611.46872 00557.55655 121018
4611.46872 00557.55655 121019
4611.46872 00557.55654 121020
4611.46872 00557.55655 121021
4611.46872 00557.55655 121022
4611.46872 00557.55655 121023
4611.46872 00557.55655 121024
4611.46871 00557.55655 121025
4611.46872 00557.55654 121026
4611.46872 00557.55655 121027
4611.46872 00557.55655 121028
4611.46872 00557.55655 121029
4611.46872 00557.55654 121030
4611.46872 00557.55654 121031
4611.46872 00557.55655 121032
4611.46872 00557.55655 121033
4611.46872 00557.55655 121034
4611.46872 00557.55655 121035
4611.46872 00557.55654 121036
4611.46872 00557.55655 121037
4611.46872 00557.55655 121038
4611.46872 00557.55655 121039
4611.46872 00557.55655 121040
4611.46872 00557.55655 121041
4611.46872 00557.55655 121042
4611.46872 00557.55655 121043
4611.46872 00557.55655 121044
4611.46872 00557.55655 121045
4611.46872 00557.55654 121046
4611.46872 00557.55654 121047
4611.46872 00557.55655 121048
4611.46872 00557.55654 121049
4611.46872 00557.55654 121050
4611.46872 00557.55654 121051
4611.46872 00557.55655 121052
4611.46872 00557.55655 121053
4611.46872 00557.55654 121054
4611.46872 00557.55654 121055
4611.46872 00557.55655 121056
4611.46872 00557.55654 121057
4611.46872 00557.55654 121058
4611.46872 00557.55654 121059
4611.46872 00557.55654 121100
4611.46872 00557.55655 121101
4611.46872 00557.55655 121102
4611.46872 00557.55655 121103
4611.46872 00557.55654 121104
4611.46872 00557.55654 121105
4611.46872 00557.55654 121106
4611.46872 00557.55654 121107
4611.46872 00557.55654 121108
4611.46872 00557.55654 121109
4611.46872 00557.55654 121110
4611.46872 00557.55654 121111
4611.46872 00557.55654 121112
4611.46872 00557.55655 121113
4611.46872 00557.55654 121114
4611.46872 00557.55654 121115
4611.46872 00557.55655 121116
4611.46872 00557.55654 121117
4611.46872 00557.55654 121118
4611.46872 00557.55654 121119
4611.46872 00557.55654 121120
4611.46872 00557.55654 121121
4611.46872 00557.55654 121122
4611.46872 00557.55654 121123
4611.46872 00557.55654 121124
4611.46872 00557.55654 121125
4611.46872 00557.55654 121126
4611.46872 00557.55654 121127
4611.46872 00557.55654 121128
4611.46872 00557.55654 121129
4611.46872 00557.55655 121130
4611.46872 00557.55655 121131
4611.46872 00557.55654 121132
4611.46872 00557.55654 121133
4611.46872 00557.55654 121134
4611.46872 00557.55654 121135
4611.46872 00557.55655 121136
4611.46872 00557.55655 121137
4611.46872 00557.55654 121138
4611.46872 00557.55654 121139
4611.46872 00557.55654 121140
4611.46872 00557.55654 121141
4611.46872 00557.55654 121142
4611.46872 00557.55654 121143
4611.46872 00557.55654 121144
4611.46872 00557.55654 121145
4611.46872 00557.55654 121146
4611.46872 00557.55654 121147
4611.46872 00557.55654 121148
4611.46872 00557.55654 121149
4611.46872 00557.55654 121150
4611.46872 00557.55654 121151
4611.46872 00557.55654 121152
4611.46872 00557.55654 121153
4611.46872 00557.55654 121154
4611.46872 00557.55654 121155
4611.46872 00557.55654 121156
4611.46872 00557.55654 121157
4611.46872 00557.55654 121158
4611.46872 00557.55655 121159
4611.46872 00557.55655 121200
4611.46872 00557.55654 121201
4611.46872 00557.55654 121202
4611.46872 00557.55654 121203
4611.46872 00557.55654 121204
4611.46872 00557.55654 121205
4611.46872 00557.55654 121206
4611.46872 00557.55654 121207
4611.46872 00557.55654 121208
4611.46872 00557.55654 121209
4611.46872 00557.55654 121210
4611.46872 00557.55654 121211
4611.46872 00557.55654 121212
4611.46871 00557.55654 121213
4611.46871 00557.55654 121214
4611.46872 00557.55654 121215
4611.46872 00557.55654 121216
4611.46872 00557.55654 121217
4611.46872 00557.55654 121218
4611.46872 00557.55655 121219
4611.46871 00557.55655 121220
4611.46872 00557.55654 121221
4611.46872 00557.55654 121222
4611.46872 00557.55654 121223
4611.46872 00557.55655 121224
4611.46872 00557.55654 121225
4611.46872 00557.55654 121226
4611.46871 00557.55654 121227
4611.46872 00557.55654 121228
4611.46872 00557.55655 121229
4611.46872 00557.55655 121230
4611.46872 00557.55655 121231
4611.46872 00557.55655 121232
4611.46872 00557.55655 121233
4611.46872 00557.55655 121234
4611.46872 00557.55655 121235
4611.46872 00557.55655 121236
4611.46872 00557.55655 121237
4611.46872 00557.55654 121238
4611.46872 00557.55654 121239
4611.46872 00557.55654 121240
4611.46872 00557.55655 121241
4611.46872 00557.55655 121242
4611.46872 00557.55654 121243
4611.46872 00557.55654 121244
4611.46872 00557.55655 121245
4611.46872 00557.55655 121246
4611.46872 00557.55654 121247
4611.46872 00557.55654 121248
4611.46872 00557.55655 121249
4611.46872 00557.55654 121250
4611.46872 00557.55654 121251
4611.46872 00557.55654 121252
4611.46872 00557.55654 121253
4611.46872 00557.55654 121254
4611.46872 00557.55654 121255
4611.46872 00557.55654 121256
4611.46872 00557.55654 121257
4611.46872 00557.55654 121258
4611.46872 00557.55654 121259
4611.46872 00557.55654 121300
4611.46872 00557.55655 121301
4611.46872 00557.55655 121302
4611.46872 00557.55655 121303
4611.46872 00557.55654 121304
4611.46872 00557.55655 121305
4611.46872 00557.55654 121306
4611.46872 00557.55654 121307
4611.46872 00557.55654 121308
4611.46872 00557.55654 121309
4611.46872 00557.55654 121310
4611.46872 00557.55654 121311
4611.46872 00557.55654 121312
4611.46872 00557.55655 121313
4611.46872 00557.55655 121314
4611.46872 00557.55655 121315
4611.46872 00557.55654 121316
4611.46872 00557.55655 121317
4611.46872 00557.55655 121318
4611.46872 00557.55655 121319
4611.46872 00557.55655 121320
4611.46872 00557.55655 121321
4611.46872 00557.55654 121322
4611.46872 00557.55654 121323
4611.46871 00557.55654 121324
4611.46871 00557.55654 121325
4611.46872 00557.55654 121326
4611.46872 00557.55655 121327
4611.46872 00557.55654 121328
4611.46872 00557.55654 121329
4611.46872 00557.55654 121330
4611.46872 00557.55654 121331
4611.46872 00557.55654 121332
4611.46872 00557.55654 121333
4611.46872 00557.55654 121334
4611.46872 00557.55654 121335
4611.46872 00557.55654 121336
4611.46872 00557.55654 121337
4611.46872 00557.55654 121338
4611.46872 00557.55654 121339
4611.46872 00557.55654 121340
4611.46872 00557.55654 121341
4611.46872 00557.55654 121342
4611.46872 00557.55654 121343
4611.46872 00557.55654 121344
4611.46872 00557.55654 121345
4611.46871 00557.55654 121346
4611.46872 00557.55655 121347
4611.46872 00557.55654 121348
4611.46872 00557.55654 121349
4611.46872 00557.55654 121350
4611.46872 00557.55654 121351
4611.46872 00557.55655 121352
4611.46872 00557.55655 121353
4611.46872 00557.55655 121354
4611.46872 00557.55654 121355
4611.46872 00557.55655 121356
4611.46872 00557.55655 121357
4611.46872 00557.55655 121358
4611.46872 00557.55654 121359
4611.46872 00557.55655 121400
4611.46872 00557.55655 121401
4611.46872 00557.55655 121402
4611.46872 00557.55654 121403
4611.46872 00557.55654 121404
4611.46872 00557.55655 121405
4611.46872 00557.55654 121406
4611.46872 00557.55654 121407
4611.46872 00557.55654 121408
4611.46872 00557.55654 121409
4611.46872 00557.55654 121410
4611.46872 00557.55654 121411
4611.46872 00557.55654 121412
4611.46872 00557.55654 121413
4611.46872 00557.55654 121414
4611.46872 00557.55654 121415
4611.46872 00557.55655 121416
4611.46872 00557.55655 121417
4611.46872 00557.55654 121418
4611.46872 00557.55655 121419
4611.46872 00557.55655 121420
4611.46872 00557.55655 121421
4611.46872 00557.55655 121422
4611.46872 00557.55654 121423
4611.46872 00557.55655 121424
4611.46872 00557.55655 121425
4611.46872 00557.55655 121426
4611.46872 00557.55655 121427
4611.46872 00557.55655 121428
4611.46872 00557.55654 121429
4611.46872 00557.55655 121430
4611.46872 00557.55655 121431
4611.46872 00557.55655 121432
4611.46872 00557.55655 121433
4611.46872 00557.55654 121434
4611.46872 00557.55655 121435
4611.46872 00557.55654 121436
4611.46872 00557.55654 121437
4611.46872 00557.55655 121438
4611.46872 00557.55655 121439
4611.46872 00557.55655 121440
4611.46872 00557.55654 121441
4611.46872 00557.55654 121442
4611.46872 00557.55655 121443
4611.46872 00557.55654 121444
4611.46872 00557.55655 121445
4611.46872 00557.55655 121446
4611.46872 00557.55654 121447
4611.46872 00557.55655 121448
4611.46872 00557.55655 121449
4611.46872 00557.55654 121450
4611.46872 00557.55655 121451
4611.46872 00557.55655 121452
4611.46872 00557.55655 121453
4611.46872 00557.55655 121454
4611.46872 00557.55654 121455
4611.46872 00557.55655 121456
4611.46872 00557.55654 121457
4611.46871 00557.55654 121458
4611.46872 00557.55654 121459
4611.46872 00557.55655 121500
4611.46872 00557.55655 121501
4611.46872 00557.55655 121502
4611.46872 00557.55655 121503
4611.46872 00557.55654 121504
4611.46872 00557.55655 121505
4611.46872 00557.55654 121506
4611.46872 00557.55655 121507
4611.46872 00557.55655 121508
4611.46872 00557.55655 121509
4611.46872 00557.55655 121510
4611.46872 00557.55655 121511
4611.46871 00557.55654 121512
4611.46871 00557.55654 121513
4611.46872 00557.55654 121514
4611.46872 00557.55654 121515
4611.46872 00557.55654 121516
4611.46872 00557.55655 121517
4611.46872 00557.55655 121518
4611.46872 00557.55655 121519
4611.46872 00557.55655 121520
4611.46872 00557.55655 121521
4611.46872 00557.55655 121522
4611.46872 00557.55655 121523
4611.46872 00557.55655 121524
4611.46872 00557.55655 121525
4611.46872 00557.55655 121526
4611.46872 00557.55655 121527
4611.46872 00557.55655 121528
4611.46872 00557.55654 121529
4611.46871 00557.55654 121530
4611.46872 00557.55655 121531
4611.46872 00557.55655 121532
4611.46872 00557.55655 121533
4611.46872 00557.55655 121534
4611.46872 00557.55654 121535
4611.46872 00557.55655 121536
4611.46872 00557.55655 121537
4611.46871 00557.55655 121538
4611.46872 00557.55655 121539
4611.46872 00557.55655 121540
4611.46872 00557.55655 121541
4611.46872 00557.55655 121542
4611.46872 00557.55655 121543
4611.46872 00557.55655 121544
4611.46872 00557.55655 121545
4611.46872 00557.55655 121546
4611.46872 00557.55655 121547
4611.46872 00557.55654 121548
4611.46872 00557.55654 121549
4611.46872 00557.55655 121550
4611.46872 00557.55655 121551
4611.46872 00557.55654 121552
4611.46872 00557.55654 121553
4611.46871 00557.55654 121554
4611.46871 00557.55655 121555
4611.46872 00557.55655 121556
4611.46872 00557.55654 121557
4611.46872 00557.55654 121558
4611.46872 00557.55654 121559
4611.46872 00557.55655 121600
4611.46872 00557.55655 121601
4611.46872 00557.55655 121602
4611.46872 00557.55655 121603
4611.46872 00557.55655 121604
4611.46872 00557.55655 121605
4611.46872 00557.55655 121606
4611.46872 00557.55655 121607
4611.46871 00557.55655 121608
4611.46871 00557.55655 121609
4611.46872 00557.55655 121610
4611.46872 00557.55655 121611
4611.46872 00557.55655 121612
4611.46871 00557.55655 121613
4611.46872 00557.55655 121614
4611.46872 00557.55655 121615
4611.46871 00557.55655 121616
4611.46872 00557.55655 121617
4611.46872 00557.55655 121618
4611.46872 00557.55655 121619
4611.46872 00557.55655 121620
4611.46872 00557.55655 121621
4611.46872 00557.55655 121622
4611.46872 00557.55655 121623
4611.46871 00557.55655 121624
4611.46872 00557.55655 121625
4611.46872 00557.55655 121626
4611.46872 00557.55655 121627
4611.46872 00557.55655 121628
4611.46872 00557.55654 121629
4611.46872 00557.55655 121630
4611.46872 00557.55655 121631
4611.46872 00557.55655 121632
4611.46872 00557.55655 121633
4611.46872 00557.55655 121634
4611.46872 00557.55655 121635
4611.46872 00557.55655 121636
4611.46872 00557.55655 121637
4611.46872 00557.55655 121638
4611.46872 00557.55655 121639
4611.46872 00557.55655 121640
4611.46872 00557.55655 121641
4611.46872 00557.55655 121642
4611.46872 00557.55655 121643
4611.46872 00557.55655 121644
4611.46872 00557.55655 121645
4611.46872 00557.55655 121646
4611.46872 00557.55655 121647
4611.46872 00557.55655 121648
4611.46872 00557.55655 121649
4611.46872 00557.55655 121650
4611.46872 00557.55655 121651
4611.46872 00557.55655 121652
4611.46872 00557.55655 121653
4611.46872 00557.55655 121654
4611.46872 00557.55655 121655
4611.46872 00557.55654 121656
4611.46872 00557.55655 121657
4611.46872 00557.55655 121658
4611.46872 00557.55655 121659
4611.46872 00557.55655 121700
4611.46872 00557.55655 121701
4611.46872 00557.55655 121702
4611.46872 00557.55655 121703
4611.46872 00557.55655 121704
4611.46872 00557.55655 121705
4611.46872 00557.55655 121706
4611.46872 00557.55655 121707
4611.46872 00557.55655 121708
4611.46872 00557.55655 121709
4611.46872 00557.55655 121710
4611.46872 00557.55655 121711
4611.46872 00557.55655 121712
4611.46872 00557.55655 121713
4611.46872 00557.55655 121714
4611.46872 00557.55655 121715
4611.46872 00557.55655 121716
4611.46872 00557.55655 121717
4611.46872 00557.55655 121718
4611.46872 00557.55655 121719
4611.46872 00557.55655 121720
4611.46872 00557.55655 121721
4611.46872 00557.55655 121722
4611.46872 00557.55655 121723
4611.46872 00557.55655 121724
4611.46872 00557.55655 121725
4611.46872 00557.55655 121726
4611.46872 00557.55655 121727
4611.46872 00557.55655 121728
4611.46872 00557.55655 121729
4611.46872 00557.55655 121730
4611.46872 00557.55655 121731
4611.46872 00557.55655 121732
4611.46872 00557.55655 121733
4611.46872 00557.55655 121734
4611.46872 00557.55655 121735
4611.46872 00557.55655 121736
4611.46872 00557.55655 121737
4611.46872 00557.55655 121738
4611.46872 00557.55655 121739
4611.46872 00557.55655 121740
4611.46872 00557.55655 121741
4611.46872 00557.55655 121742
4611.46872 00557.55655 121743
4611.46872 00557.55655 121744
4611.46872 00557.55655 121745
4611.46872 00557.55655 121746
4611.46872 00557.55655 121747
4611.46872 00557.55655 121748
4611.46872 00557.55655 121749
4611.46872 00557.55655 121750
4611.46872 00557.55655 121751
4611.46872 00557.55655 121752
4611.46872 00557.55655 121753
4611.46872 00557.55655 121754
4611.46872 00557.55655 121755
4611.46872 00557.55655 121756
4611.46872 00557.55655 121757
4611.46872 00557.55655 121758
4611.46872 00557.55655 121759
4611.46872 00557.55655 121800
4611.46872 00557.55655 121801
4611.46872 00557.55655 121802
4611.46872 00557.55655 121803
4611.46872 00557.55655 121804
4611.46872 00557.55655 121805
4611.46872 00557.55655 121806
4611.46872 00557.55655 121807
4611.46872 00557.55655 121808
4611.46872 00557.55655 121809
4611.46872 00557.55655 121810
4611.46872 00557.55655 121811
4611.46872 00557.55655 121812
4611.46872 00557.55655 121813
4611.46872 00557.55655 121814
4611.46872 00557.55655 121815
4611.46872 00557.55655 121816
4611.46872 00557.55655 121817
4611.46872 00557.55655 121818
4611.46872 00557.55655 121819
4611.46872 00557.55655 121820
4611.46872 00557.55655 121821
4611.46872 00557.55655 121822
4611.46872 00557.55655 121823
4611.46872 00557.55655 121824
4611.46872 00557.55655 121825
4611.46872 00557.55655 121826
4611.46872 00557.55655 121827
4611.46872 00557.55655 121828
4611.46872 00557.55655 121829
4611.46872 00557.55655 121830
4611.46872 00557.55655 121831
4611.46872 00557.55655 121832
4611.46872 00557.55655 121833
4611.46872 00557.55655 121834
4611.46872 00557.55655 121835
4611.46872 00557.55655 121836
4611.46872 00557.55655 121837
4611.46872 00557.55655 121838
4611.46872 00557.55655 121839
4611.46872 00557.55655 121840
4611.46872 00557.55655 121841
4611.46872 00557.55655 121842
4611.46872 00557.55655 121843
4611.46872 00557.55655 121844
4611.46872 00557.55655 121845
4611.46872 00557.55655 121846
4611.46872 00557.55655 121847
4611.46872 00557.55655 121848
4611.46872 00557.55655 121849
4611.46872 00557.55655 121850
4611.46872 00557.55655 121851
4611.46872 00557.55655 121852
4611.46872 00557.55655 121853
4611.46872 00557.55655 121854
4611.46872 00557.55655 121855
4611.46872 00557.55655 121856
4611.46872 00557.55655 121857
4611.46872 00557.55655 121858
4611.46872 00557.55655 121859
4611.46872 00557.55655 121900
4611.46872 00557.55655 121901
4611.46872 00557.55655 121902
4611.46872 00557.55655 121903
4611.46872 00557.55655 121904
4611.46872 00557.55655 121905
4611.46872 00557.55655 121906
4611.46872 00557.55655 121907
4611.46872 00557.55655 121908
4611.46872 00557.55655 121909
4611.46872 00557.55655 121910
4611.46872 00557.55655 121911
4611.46872 00557.55655 121912
4611.46872 00557.55655 121913
4611.46872 00557.55655 121914
4611.46872 00557.55655 121915
4611.46872 00557.55655 121916
4611.46872 00557.55655 121917
4611.46872 00557.55655 121918
4611.46872 00557.55655 121919
4611.46872 00557.55655 121920
4611.46872 00557.55655 121921
4611.46872 00557.55655 121922
4611.46872 00557.55655 121923
4611.46872 00557.55655 121924
4611.46872 00557.55655 121925
4611.46872 00557.55655 121926
4611.46872 00557.55655 121927
4611.46872 00557.55655 121928
4611.46872 00557.55655 121929
4611.46872 00557.55655 121930
4611.46872 00557.55655 121931
4611.46872 00557.55655 121932
4611.46872 00557.55655 121933
4611.46872 00557.55655 121934
4611.46872 00557.55655 121935
4611.46872 00557.55655 121936
4611.46872 00557.55655 121937
4611.46872 00557.55655 121938
4611.46872 00557.55655 121939
4611.46872 00557.55655 121940
4611.46872 00557.55655 121941
4611.46872 00557.55655 121942
4611.46872 00557.55655 121943
4611.46872 00557.55655 121944
4611.46872 00557.55655 121945
4611.46872 00557.55655 121946
4611.46872 00557.55655 121947
4611.46872 00557.55655 121948
4611.46872 00557.55655 121949
4611.46872 00557.55655 121950
4611.46872 00557.55655 121951
4611.46872 00557.55655 121952
4611.46872 00557.55655 121953
4611.46872 00557.55655 121954
4611.46872 00557.55655 121955
4611.46872 00557.55655 121956
4611.46872 00557.55655 121957
4611.46872 00557.55655 121958
4611.46872 00557.55655 121959
4611.46872 00557.55655 122000
4611.46872 00557.55655 122001
4611.46872 00557.55655 122002
4611.46872 00557.55655 122003
4611.46872 00557.55655 122004
4611.46872 00557.55655 122005
4611.46872 00557.55655 122006
4611.46872 00557.55655 122007
4611.46872 00557.55655 122008
4611.46872 00557.55655 122009
4611.46872 00557.55655 122010
4611.46872 00557.55655 122011
4611.46872 00557.55655 122012
4611.46872 00557.55655 122013
4611.46872 00557.55655 122014
4611.46872 00557.55655 122015
4611.46872 00557.55655 122016
4611.46872 00557.55655 122017
4611.46872 00557.55655 122018
4611.46872 00557.55655 122019
4611.46872 00557.55655 122020
4611.46872 00557.55655 122021
4611.46872 00557.55655 122022
4611.46872 00557.55655 122023
4611.46872 00557.55655 122024
4611.46872 00557.55655 122025
4611.46872 00557.55655 122026
4611.46872 00557.55655 122027
4611.46872 00557.55655 122028
4611.46872 00557.55655 122029
4611.46872 00557.55655 122030
4611.46872 00557.55655 122031
4611.46872 00557.55655 122032
4611.46872 00557.55655 122033
4611.46872 00557.55655 122034
4611.46872 00557.55655 122035
4611.46872 00557.55655 122036
4611.46872 00557.55655 122037
4611.46872 00557.55655 122038
4611.46872 00557.55655 122039
4611.46872 00557.55655 122040
4611.46872 00557.55655 122041
4611.46872 00557.55655 122042
4611.46872 00557.55655 122043
4611.46872 00557.55655 122044
4611.46872 00557.55655 122045
4611.46872 00557.55655 122046
4611.46872 00557.55655 122047
4611.46872 00557.55655 122048
4611.46872 00557.55655 122049
4611.46872 00557.55655 122050
4611.46872 00557.55655 122051
4611.46872 00557.55655 122052
4611.46872 00557.55655 122053
4611.46872 00557.55655 122054
4611.46872 00557.55655 122055
4611.46872 00557.55655 122056
4611.46872 00557.55655 122057
4611.46872 00557.55655 122058
4611.46872 00557.55655 122059
4611.46872 00557.55655 122100
4611.46872 00557.55655 122101
4611.46872 00557.55655 122102
4611.46872 00557.55655 122103
4611.46872 00557.55655 122104
4611.46872 00557.55655 122105
4611.46872 00557.55655 122106
4611.46872 00557.55655 122107
4611.46872 00557.55655 122108
4611.46872 00557.55655 122109
4611.46872 00557.55655 122110
4611.46872 00557.55655 122111
4611.46872 00557.55655 122112
4611.46872 00557.55655 122113
4611.46872 00557.55655 122114
4611.46872 00557.55655 122115
4611.46872 00557.55655 122116
4611.46872 00557.55655 122117
4611.46872 00557.55655 122118
4611.46872 00557.55655 122119
4611.46872 00557.55655 122120
4611.46872 00557.55655 122121
4611.46872 00557.55655 122122
4611.46872 00557.55655 122123
4611.46872 00557.55655 122124
4611.46872 00557.55655 122125
4611.46872 00557.55655 122126
4611.46872 00557.55655 122127
4611.46872 00557.55655 122128
4611.46872 00557.55655 122129
4611.46872 00557.55655 122130
4611.46872 00557.55655 122131
4611.46872 00557.55655 122132
4611.46872 00557.55655 122133
4611.46872 00557.55655 122134
4611.46872 00557.55655 122135
4611.46872 00557.55655 122136
4611.46872 00557.55655 122137
4611.46872 00557.55655 122138
4611.46872 00557.55655 122139
4611.46872 00557.55655 122140
4611.46872 00557.55655 122141
4611.46872 00557.55655 122142
4611.46872 00557.55655 122143
4611.46872 00557.55655 122144
4611.46872 00557.55655 122145
4611.46872 00557.55655 122146
4611.46872 00557.55655 122147
4611.46872 00557.55655 122148
4611.46872 00557.55655 122149
4611.46872 00557.55655 122150
4611.46872 00557.55655 122151
4611.46872 00557.55655 122152
4611.46872 00557.55655 122153
4611.46872 00557.55655 122154
4611.46872 00557.55655 122155
4611.46872 00557.55655 122156
4611.46872 00557.55655 122157
4611.46872 00557.55655 122158
4611.46872 00557.55655 122159
4611.46872 00557.55655 122200
4611.46872 00557.55655 122201
4611.46872 00557.55655 122202
4611.46872 00557.55655 122203
4611.46872 00557.55655 122204
4611.46872 00557.55655 122205
4611.46872 00557.55655 122206
4611.46872 00557.55655 122207
4611.46872 00557.55655 122208
4611.46872 00557.55655 122209
4611.46872 00557.55655 122210
4611.46872 00557.55655 122211
4611.46872 00557.55655 122212
4611.46872 00557.55655 122213
4611.46872 00557.55655 122214
4611.46872 00557.55655 122215
4611.46872 00557.55655 122216
4611.46872 00557.55655 122217
4611.46872 00557.55655 122218
4611.46872 00557.55655 122219
4611.46872 00557.55655 122220
4611.46872 00557.55655 122221
4611.46872 00557.55655 122222
4611.46872 00557.55655 122223
4611.46872 00557.55655 122224
4611.46872 00557.55655 122225
4611.46872 00557.55655 122226
4611.46872 00557.55655 122227
4611.46872 00557.55655 122228
4611.46872 00557.55655 122229
4611.46872 00557.55655 122230
4611.46872 00557.55655 122231
4611.46872 00557.55655 122232
4611.46872 00557.55655 122233
4611.46872 00557.55655 122234
4611.46872 00557.55655 122235
4611.46872 00557.55655 122236
4611.46872 00557.55655 122237
4611.46872 00557.55655 122238
4611.46872 00557.55655 122239
4611.46872 00557.55655 122240
4611.46872 00557.55655 122241
4611.46872 00557.55655 122242
4611.46872 00557.55655 122243
4611.46872 00557.55655 122244
4611.46872 00557.55655 122245
4611.46872 00557.55655 122246
4611.46872 00557.55655 122247
4611.46872 00557.55655 122248
4611.46872 00557.55655 122249
4611.46872 00557.55655 122250
4611.46872 00557.55655 122251
4611.46872 00557.55655 122252
4611.46872 00557.55655 122253
4611.46872 00557.55655 122254
4611.46872 00557.55655 122255
4611.46872 00557.55655 122256
4611.46872 00557.55655 122257
4611.46872 00557.55655 122258
4611.46872 00557.55655 122259
4611.46872 00557.55655 122300
4611.46872 00557.55655 122301
4611.46872 00557.55655 122302
4611.46872 00557.55655 122303
4611.46872 00557.55655 122304
4611.46872 00557.55655 122305
4611.46872 00557.55655 122306
4611.46872 00557.55655 122307
4611.46871 00557.55655 122308
4611.46871 00557.55655 122309
4611.46872 00557.55655 122310
4611.46872 00557.55655 122311
4611.46872 00557.55655 122312
4611.46871 00557.55655 122313
4611.46871 00557.55655 122314
4611.46872 00557.55655 122315
4611.46872 00557.55655 122316
4611.46872 00557.55655 122317
4611.46872 00557.55655 122318
4611.46872 00557.55655 122319
4611.46872 00557.55655 122320
4611.46872 00557.55655 122321
4611.46872 00557.55655 122322
4611.46872 00557.55655 122323
4611.46872 00557.55655 122324
4611.46872 00557.55655 122325
4611.46872 00557.55655 122326
4611.46872 00557.55655 122327
4611.46872 00557.55655 122328
4611.46872 00557.55655 122329
4611.46872 00557.55655 122330
4611.46872 00557.55655 122331
4611.46872 00557.55655 122332
4611.46872 00557.55655 122333
4611.46872 00557.55655 122334
4611.46872 00557.55655 122335
4611.46872 00557.55655 122336
4611.46872 00557.55655 122337
4611.46872 00557.55655 122338
4611.46872 00557.55655 122339
4611.46872 00557.55655 122340
4611.46872 00557.55655 122341
4611.46872 00557.55655 122342
4611.46872 00557.55655 122343
4611.46872 00557.55655 122344
4611.46872 00557.55655 122345
4611.46872 00557.55655 122346
4611.46872 00557.55655 122347
4611.46872 00557.55655 122348
4611.46872 00557.55655 122349
4611.46872 00557.55655 122350
4611.46872 00557.55655 122351
4611.46872 00557.55655 122352
4611.46872 00557.55655 122353
4611.46872 00557.55655 122354
4611.46872 00557.55655 122355
4611.46872 00557.55655 122356
4611.46872 00557.55655 122357
4611.46872 00557.55655 122358
4611.46872 00557.55655 122359
4611.46872 00557.55655 122400
4611.46872 00557.55655 122401
4611.46872 00557.55655 122402
4611.46872 00557.55655 122403
4611.46872 00557.55655 122404
4611.46872 00557.55655 122405
4611.46872 00557.55655 122406
4611.46872 00557.55655 122407
4611.46872 00557.55655 122408
4611.46872 00557.55655 122409
4611.46872 00557.55655 122410
4611.46872 00557.55655 122411
4611.46872 00557.55655 122412
4611.46872 00557.55655 122413
4611.46872 00557.55655 122414
4611.46872 00557.55655 122415
4611.46872 00557.55655 122416
4611.46872 00557.55655 122417
4611.46872 00557.55655 122418
4611.46872 00557.55655 122419
4611.46872 00557.55655 122420
4611.46872 00557.55655 122421
4611.46872 00557.55655 122422
4611.46872 00557.55655 122423
4611.46872 00557.55655 122424
4611.46872 00557.55655 122425
4611.46872 00557.55655 122426
4611.46872 00557.55655 122427
4611.46872 00557.55655 122428
4611.46872 00557.55655 122429
4611.46872 00557.55655 122430
4611.46872 00557.55655 122431
4611.46872 00557.55655 122432
4611.46872 00557.55655 122433
4611.46872 00557.55655 122434
4611.46872 00557.55655 122435
4611.46872 00557.55655 122436
4611.46872 00557.55655 122437
4611.46872 00557.55655 122438
4611.46872 00557.55655 122439
4611.46872 00557.55655 122440
4611.46872 00557.55655 122441
4611.46872 00557.55655 122442
4611.46872 00557.55655 122443
4611.46872 00557.55655 122444
4611.46872 00557.55655 122445
4611.46872 00557.55655 122446
4611.46872 00557.55655 122447
4611.46872 00557.55655 122448
4611.46872 00557.55655 122449
4611.46872 00557.55655 122450
4611.46872 00557.55655 122451
4611.46872 00557.55655 122452
4611.46872 00557.55655 122453
4611.46872 00557.55655 122454
4611.46872 00557.55655 122455
4611.46872 00557.55655 122456
4611.46872 00557.55655 122457
4611.46872 00557.55655 122458
4611.46872 00557.55655 122459
4611.46872 00557.55655 122500
4611.46872 00557.55655 122501
4611.46872 00557.55655 122502
4611.46872 00557.55655 122503
4611.46872 00557.55655 122504
4611.46872 00557.55655 122505
4611.46872 00557.55655 122506
4611.46872 00557.55655 122507
4611.46872 00557.55655 122508
4611.46872 00557.55655 122509
4611.46872 00557.55655 122510
4611.46872 00557.55655 122511
4611.46872 00557.55655 122512
4611.46872 00557.55655 122513
4611.46872 00557.55655 122514
4611.46872 00557.55655 122515
4611.46872 00557.55655 122516
4611.46872 00557.55655 122517
4611.46872 00557.55655 122518
4611.46872 00557.55655 122519
4611.46872 00557.55655 122520
4611.46872 00557.55655 122521
4611.46872 00557.55655 122522
4611.46872 00557.55655 122523
4611.46872 00557.55655 122524
4611.46872 00557.55655 122525
4611.46872 00557.55655 122526
4611.46872 00557.55655 122527
4611.46872 00557.55655 122528
4611.46872 00557.55655 122529
4611.46872 00557.55655 122530
4611.46872 00557.55655 122531
4611.46872 00557.55655 122532
4611.46872 00557.55655 122533
4611.46872 00557.55655 122534
4611.46872 00557.55655 122535
4611.46872 00557.55655 122536
4611.46872 00557.55655 122537
4611.46872 00557.55655 122538
4611.46872 00557.55655 122539
4611.46872 00557.55655 122540
4611.46872 00557.55655 122541
4611.46872 00557.55655 122542
4611.46872 00557.55655 122543
4611.46872 00557.55655 122544
4611.46872 00557.55655 122545
4611.46872 00557.55655 122546
4611.46872 00557.55655 122547
4611.46872 00557.55654 122548
4611.46872 00557.55655 122549
4611.46872 00557.55655 122550
4611.46872 00557.55655 122551
4611.46872 00557.55655 122552
4611.46871 00557.55655 122553
4611.46872 00557.55655 122554
4611.46872 00557.55655 122555
4611.46872 00557.55655 122556
4611.46872 00557.55655 122557
4611.46872 00557.55655 122558
4611.46871 00557.55655 122559